1581498731886,4151,2413226,30,2413014,28,2413124,58
1581499091887,4151,2413171,22,2413097,25,2413132,47
1581499451890,4151,2413074,19,2413019,23,2413044,42
1581499811889,4151,2413071,19,2413944,11,2413391,30
1581500171890,4151,2411933,17,2414007,15,2412905,32
1581500531892,4151,2411750,20,2413955,17,2412763,37
1581500891892,4151,2411822,17,2414037,17,2412929,34
1581501251894,4151,2412096,21,2412719,35,2412485,56
1581501611896,4151,2412062,26,2412754,36,2412464,62
1581501971896,4151,2411651,30,2411190,41,2411385,71
1581502331898,4151,2411708,35,2410390,46,2410960,81
1581502691900,4151,2411574,38,2410390,46,2410925,84
1581503051899,4151,2411328,39,2410445,48,2410841,87
1581503411902,4151,2411065,39,2410443,48,2410722,87
1581503771908,4151,2410622,31,2409978,43,2410248,74
1581504131907,4151,2410613,28,2409507,39,2409969,67
1581504491907,4151,2410580,30,2409438,39,2409934,69
1581504851914,4151,2410014,25,2407610,21,2408916,46
1581505211916,4151,2409786,22,2407549,21,2408694,43
1581505571916,4151,2409353,20,2409906,17,2409607,37
1581505931921,4151,2408423,16,2412438,12,2410144,28
1581506291920,4151,2408591,14,2412438,12,2410367,26
1581506651921,4151,2409953,15,2412582,10,2411005,25
1581507011921,4151,2410677,17,2413182,10,2411605,27
1581507371922,4151,2410353,17,2412927,11,2411364,28
1581507731924,4151,2410312,18,2412795,11,2411254,29
1581508091925,4151,2410323,17,2413366,12,2411582,29
1581508451926,4151,2410323,17,2413167,13,2411556,30
1581508811927,4151,2410297,19,2412188,13,2411065,32
1581509171927,4151,2410971,19,2412105,10,2411362,29
1581509531929,4151,2410952,19,2412092,11,2411370,30
1581509891930,4151,2410691,19,2412074,12,2411226,31
1581510251932,4151,2410124,17,2412074,12,2410931,29
1581510611932,4151,2409850,14,2411360,12,2410547,26
1581510971934,4151,2410153,12,2411274,10,2410663,22
1581511331935,4151,2410155,12,2411205,9,2410605,21
1581511691937,4151,2410067,12,2410361,10,2410200,22
1581512051939,4151,2410103,13,2410119,9,2410110,22
1581512411940,4151,2410066,10,2411384,8,2410652,18
1581512771941,4151,2409668,8,2411546,8,2410607,16
1581513131941,4151,2409804,8,2411300,8,2410552,16
1581513491943,4151,2409804,8,2411341,8,2410572,16
1581513851943,4151,2409804,8,2411341,8,2410572,16
1581514211945,4151,2409719,9,2411188,10,2410492,19
1581514571951,4151,2408955,9,2411129,11,2410151,20
1581514931949,4151,2408225,9,2411077,12,2409855,21
1581515291950,4151,2407105,10,2410903,10,2409004,20
1581515651951,4151,2406356,10,2410748,10,2408552,20
1581516011958,4151,2406055,11,2410457,12,2408352,23
1581516371959,4151,2406208,11,2410332,11,2408270,22
1581516731958,4151,2405316,9,2410336,13,2408283,22
1581517091959,4151,2405551,10,2410208,13,2408183,23
1581517451972,4151,2405731,11,2410335,18,2408588,29
1581517811963,4151,2405400,10,2410200,16,2408354,26
1581518171965,4151,2405697,10,2410177,15,2408385,25
1581518531969,4151,2405984,10,2410162,15,2408491,25
1581518891972,4151,2406717,8,2410116,14,2408880,22
1581519251970,4151,2407241,7,2410202,13,2409165,20
1581519611973,4151,2407939,6,2410420,11,2409544,17
1581519971973,4151,2407527,5,2410287,13,2409521,18
1581520331974,4151,2407563,7,2410323,11,2409250,18
1581520691975,4151,2406977,6,2410330,11,2409146,17
1581521051981,4151,2407481,6,2411468,8,2409759,14
1581521411980,4151,2407433,7,2411414,8,2409557,15
1581521771981,4151,2408535,7,2414157,13,2412189,20
1581522131982,4151,2410727,10,2414479,12,2412774,22
1581522491986,4151,2409978,13,2414443,13,2412210,26
1581522851990,4151,2409978,13,2413963,15,2412113,28
1581523211992,4151,2409978,13,2413963,15,2412113,28
1581523571992,4151,2409978,13,2414158,16,2412284,29
1581523931993,4151,2410257,12,2413962,17,2412429,29
1581524291993,4151,2410481,12,2414172,16,2412590,28
1581524651995,4151,2410307,14,2413799,15,2412113,29
1581525011997,4151,2410506,14,2413957,15,2412291,29
1581525371999,4151,2410150,17,2411631,13,2410791,30
1581525732002,4151,2409313,15,2411778,14,2410503,29
1581526092002,4151,2410026,15,2411607,13,2410760,28
1581526452002,4151,2410026,15,2411828,12,2410827,27
1581526812003,4151,2410026,15,2411927,15,2410977,30
1581527172004,4151,2410602,20,2412107,15,2411247,35
1581527532005,4151,2410592,21,2412439,15,2411361,36
1581527892007,4151,2410630,20,2412533,17,2411505,37
1581528252009,4151,2410704,19,2412125,24,2411497,43
1581528612011,4151,2410747,18,2412250,25,2411621,43
1581528972011,4151,2411080,16,2412478,25,2411933,41
1581529332013,4151,2411181,15,2412478,25,2411992,40
1581529692013,4151,2411304,15,2412439,26,2412024,41
1581530052014,4151,2411304,15,2412488,26,2412055,41
1581530412017,4151,2411304,15,2412618,24,2412113,39
1581530772017,4151,2411412,19,2412365,36,2412036,55
1581531132022,4151,2411823,26,2412494,36,2412213,62
1581531492019,4151,2411831,27,2412518,37,2412228,64
1581531852020,4151,2411957,26,2412640,36,2412354,62
1581532212021,4151,2411910,28,2412255,46,2412125,74
1581532572024,4151,2412198,46,2412239,44,2412218,90
1581532932025,4151,2412242,47,2412918,49,2412587,96
1581533292025,4151,2412313,45,2412964,49,2412652,94
1581533652028,4151,2412338,48,2412972,50,2412662,98
1581534012029,4151,2412341,49,2412928,49,2412634,98
1581534372029,4151,2412429,43,2413693,38,2413022,81
1581534732034,4151,2412468,36,2413671,37,2413077,73
1581535092033,4151,2412480,35,2414885,38,2413732,73
1581535452037,4151,2412215,98,2416429,33,2413276,131
1581535812037,4151,2412262,97,2419277,24,2413654,121
1581536172043,4151,2412297,80,2420442,31,2414572,111
1581536532046,4151,2412356,80,2421021,25,2414419,105
1581536892044,4151,2412372,80,2421361,25,2414512,105
1581537252045,4151,2412464,82,2422028,23,2414559,105
1581537612049,4151,2412479,82,2422028,23,2414570,105
1581537972049,4151,2412508,82,2421554,24,2414556,106
1581538332050,4151,2412534,88,2420857,27,2414488,115
1581538692052,4151,2412534,88,2419840,24,2414100,112
1581539052056,4151,2413855,25,2419007,22,2416267,47
1581539412059,4151,2413841,26,2418643,21,2415986,47
1581539772059,4151,2414034,29,2416416,20,2415006,49
1581540132060,4151,2413957,29,2416553,21,2415047,50
1581540492064,4151,2416460,38,2416562,22,2416497,60
1581540852063,4151,2416640,37,2416828,24,2416714,61
1581541212065,4151,2416573,38,2417008,25,2416746,63
1581541572066,4151,2416775,36,2418646,32,2417656,68
1581541932066,4151,2418015,30,2419417,28,2418692,58
1581542292069,4151,2418176,31,2419651,30,2418902,61
1581542652068,4151,2418285,30,2419839,32,2419087,62
1581543012073,4151,2419154,32,2420308,32,2419731,64
1581543372070,4151,2421768,45,2421005,45,2421386,90
1581543732072,4151,2423126,51,2421020,47,2422116,98
1581544092073,4151,2423017,41,2421132,48,2422000,89
1581544452073,4151,2423361,42,2421086,50,2422124,92
1581544812074,4151,2423574,43,2421146,50,2422269,93
1581545172075,4151,2423173,49,2421497,46,2422361,95
1581545532083,4151,2423228,49,2421678,46,2422478,95
1581545892082,4151,2423233,48,2421611,45,2422448,93
1581546252081,4151,2423139,50,2421722,45,2422468,95
1581546612082,4151,2423102,39,2421157,35,2422182,74
1581546972089,4151,2422116,33,2422605,25,2422327,58
1581547332088,4151,2420143,28,2422870,22,2421343,50
1581547692090,4151,2420146,30,2423271,21,2421433,51
1581548052089,4151,2420253,28,2424126,19,2421819,47
1581548412094,4151,2420279,27,2424165,19,2421884,46
1581548772097,4151,2420461,22,2424692,18,2422365,40
1581549132097,4151,2420440,21,2424372,18,2422255,39
1581549492098,4151,2420465,23,2424515,20,2422349,43
1581549852101,4151,2420448,22,2424444,20,2422351,42
1581550212103,4151,2420400,22,2424458,21,2422382,43
1581550572105,4151,2420314,24,2424430,29,2422566,53
1581550932106,4151,2420274,21,2424427,31,2422750,52
1581551292107,4151,2420283,19,2424355,29,2422743,48
1581551652108,4151,2420289,16,2424311,28,2422848,44
1581552012112,4151,2420276,14,2424270,28,2422939,42
1581552372112,4151,2420389,15,2424430,22,2422792,37
1581552732113,4151,2420434,14,2424447,22,2422886,36
1581553092114,4151,2420441,14,2424478,19,2422766,33
1581553452114,4151,2420402,13,2424482,17,2422714,30
1581553812126,4151,2420480,12,2424482,17,2422826,29
1581554172122,4151,2420587,12,2424445,19,2422952,31
1581554532122,4151,2420900,10,2424388,8,2422450,18
1581554892122,4151,2420947,12,2424518,10,2422570,22
1581555252123,4151,2420947,12,2424831,12,2422889,24
1581555612126,4151,2420947,12,2424956,12,2422951,24
1581555972130,4151,2421315,12,2424862,15,2423286,27
1581556332129,4151,2421315,12,2424873,16,2423348,28
1581556692130,4151,2421519,12,2424872,17,2423484,29
1581557052131,4151,2421711,20,2424739,20,2423225,40
1581557412131,4151,2421747,24,2424697,21,2423123,45
1581557772134,4151,2421852,25,2424797,18,2423085,43
1581558132134,4151,2421970,25,2424857,20,2423253,45
1581558492136,4151,2422039,23,2424954,22,2423464,45
1581558852137,4151,2422079,24,2424875,19,2423314,43
1581559212140,4151,2422210,28,2424963,21,2423390,49
1581559572140,4151,2422320,28,2425056,19,2423426,47
1581559932142,4151,2422513,41,2425068,19,2423322,60
1581560292143,4151,2422545,40,2425081,19,2423362,59
1581560652144,4151,2422790,36,2424964,20,2423566,56
1581561012146,4151,2423181,37,2424589,25,2423749,62
1581561372148,4151,2423179,37,2423891,34,2423520,71
1581561732147,4151,2423206,37,2423829,35,2423509,72
1581562092148,4151,2423465,53,2423458,66,2423461,119
1581562452150,4151,2423666,73,2423429,79,2423543,152
1581562812151,4151,2423784,85,2423332,88,2423554,173
1581563172153,4151,2423841,101,2423332,91,2423600,192
1581563532156,4151,2423925,92,2423302,90,2423617,182
1581563892157,4151,2423912,94,2423288,90,2423607,184
1581564252158,4151,2423924,90,2423271,87,2423603,177
1581564612160,4151,2423897,84,2423307,84,2423602,168
1581564972166,4151,2423946,82,2423956,149,2423952,231
1581565332165,4151,2423965,80,2423952,146,2423956,226
1581565692166,4151,2423943,65,2424160,116,2424082,181
1581566052172,4151,2423829,44,2424275,105,2424144,149
1581566412174,4151,2423647,29,2424410,95,2424231,124
1581566772174,4151,2423151,14,2424435,92,2424266,106
1581567132174,4151,2423286,10,2424439,93,2424327,103
1581567492175,4151,2423374,8,2424440,93,2424356,101
1581567852179,4151,2423419,10,2424452,92,2424351,102
1581568212179,4151,2423426,11,2424461,89,2424347,100
1581568572180,4151,2423466,12,2424412,16,2424006,28
1581568932184,4151,2423466,12,2424437,19,2424061,31
1581569292183,4151,2423466,12,2425102,20,2424488,32
1581569652187,4151,2423482,11,2425169,18,2424529,29
1581570012195,4151,2423510,13,2426018,18,2424966,31
1581570372201,4151,2423560,11,2426884,18,2425623,29
1581570732200,4151,2423560,11,2427185,16,2425708,27
1581571092202,4151,2423688,13,2427195,17,2425675,30
1581571452202,4151,2423806,13,2426907,21,2425721,34
1581571812204,4151,2423874,13,2426822,23,2425757,36
1581572172206,4151,2423991,13,2426954,25,2425940,38
1581572532206,4151,2424009,14,2427065,24,2425939,38
1581572892207,4151,2424009,14,2427127,19,2425804,33
1581573252208,4151,2424016,15,2427770,20,2426161,35
1581573612209,4151,2424141,13,2426993,20,2425869,33
1581573972210,4151,2424191,16,2426230,20,2425323,36
1581574332210,4151,2424191,16,2426156,21,2425306,37
1581574692213,4151,2424220,15,2426123,20,2425308,35
1581575052214,4151,2424202,14,2426017,20,2425270,34
1581575412215,4151,2424190,15,2425997,19,2425200,34
1581575772217,4151,2424229,16,2425939,16,2425084,32
1581576132218,4151,2424229,15,2426182,16,2425237,31
1581576492229,4151,2424229,15,2426182,16,2425237,31
1581576852227,4151,2424237,14,2425325,17,2424834,31
1581577212230,4151,2424237,13,2425510,16,2424939,29
1581577572232,4151,2424332,9,2425792,17,2425287,26
1581577932231,4151,2424332,9,2425862,16,2425311,25
1581578292233,4151,2424343,7,2425953,16,2425463,23
1581578652234,4151,2424355,6,2426158,13,2425588,19
1581579012236,4151,2424472,5,2426217,12,2425704,17
1581579372236,4151,2424717,5,2426306,12,2425838,17
1581579732237,4151,2424717,5,2426355,14,2425924,19
1581580092238,4151,2424717,5,2426355,14,2425924,19
1581580452239,4151,2424786,6,2426477,13,2425943,19
1581580812242,4151,2424786,6,2426485,13,2425948,19
1581581172242,4151,2424894,6,2426489,11,2425926,17
1581581532244,4151,2425052,7,2426489,11,2425930,18
1581581892245,4151,2425073,8,2426664,9,2425915,17
1581582252246,4151,2425092,9,2426715,11,2425985,20
1581582612254,4151,2425150,8,2426715,11,2426056,19
1581582972255,4151,2425324,7,2426838,10,2426215,17
1581583332256,4151,2425324,7,2426928,8,2426180,15
1581583692256,4151,2425210,9,2426928,8,2426018,17
1581584052260,4151,2425220,8,2426941,7,2426023,15
1581584412258,4151,2425245,10,2426951,7,2425948,17
1581584772260,4151,2425279,11,2426957,7,2425932,18
1581585132262,4151,2425207,10,2426902,8,2425960,18
1581585492262,4151,2425206,9,2426873,9,2426039,18
1581585852263,4151,2425245,9,2426787,9,2426016,18
1581586212265,4151,2425245,9,2426787,9,2426016,18
1581586572266,4151,2425231,10,2426748,8,2425905,18
1581586932266,4151,2425231,10,2426719,6,2425789,16
1581587292268,4151,2425318,9,2426719,6,2425878,15
1581587652269,4151,2425303,10,2426615,7,2425843,17
1581588012271,4151,2425293,8,2426559,7,2425884,15
1581588372272,4151,2425255,8,2426473,6,2425777,14
1581588732273,4151,2425255,8,2426267,7,2425727,15
1581589092276,4151,2425255,8,2426205,6,2425662,14
1581589452276,4151,2425206,7,2426017,5,2425544,12
1581589812277,4151,2425206,7,2426009,6,2425577,13
1581590172278,4151,2425167,4,2426009,6,2425673,10
1581590532280,4151,2425167,4,2426009,6,2425673,10
1581590892281,4151,2425150,4,2426016,7,2425701,11
1581591252284,4151,2425142,3,2426589,7,2426155,10
1581591612283,4151,2422856,4,2431955,10,2429355,14
1581591972286,4151,2420551,2,2431176,12,2429658,14
1581592332286,4151,2420551,2,2432960,11,2431051,13
1581592692287,4151,2419526,4,2432960,11,2429378,15
1581593052287,4151,2422213,5,2432776,17,2430375,22
1581593412289,4151,2419895,13,2433201,16,2427236,29
1581593772295,4151,2419776,15,2433201,16,2426705,31
1581594132293,4151,2419776,15,2433201,16,2426705,31
1581594492294,4151,2419396,14,2432428,16,2426346,30
1581594852294,4151,2419177,15,2431166,18,2425717,33
1581595212295,4151,2419404,14,2427646,15,2423667,29
1581595572297,4151,2419008,15,2428580,14,2423629,29
1581595932297,4151,2417948,17,2427701,13,2422175,30
1581596292299,4151,2417874,15,2427701,13,2422437,28
1581596652303,4151,2416480,15,2423254,6,2418415,21
1581597012302,4151,2414232,7,2423254,6,2418396,13
1581597372302,4151,2413265,9,2422912,9,2418089,18
1581597732303,4151,2413338,10,2422912,9,2417873,19
1581598092303,4151,2413449,12,2421585,13,2417680,25
1581598452304,4151,2413328,13,2419652,14,2416607,27
1581598812306,4151,2413328,13,2420683,14,2417142,27
1581599172307,4151,2413443,14,2419612,14,2416527,28
1581599532308,4151,2414017,12,2419612,14,2417030,26
1581599892315,4151,2414043,14,2419965,15,2417106,29
1581600252316,4151,2414197,14,2419965,15,2417181,29
1581600612318,4151,2414244,15,2420217,16,2417327,31
1581600972319,4151,2414177,13,2419753,13,2416965,26
1581601332321,4151,2414214,14,2419753,13,2416881,27
1581601692323,4151,2414250,12,2421087,8,2416985,20
1581602052324,4151,2414300,10,2424407,5,2417669,15
1581602412325,4151,2414300,12,2422319,6,2416973,18
1581602772325,4151,2414366,12,2421783,5,2416548,17
1581603132327,4151,2414415,13,2421485,6,2416648,19
1581603492328,4151,2414500,12,2420800,5,2416353,17
1581603852328,4151,2414527,11,2420666,6,2416694,17
1581604212332,4151,2414490,10,2419428,7,2416523,17
1581604572331,4151,2414611,9,2419390,11,2417239,20
1581604932331,4151,2414756,9,2419274,12,2417338,21
1581605292333,4151,2415280,10,2419274,12,2417459,22
1581605652334,4151,2415255,11,2419208,11,2417232,22
1581606012335,4151,2415468,9,2420429,10,2418079,19
1581606372338,4151,2415579,9,2423357,12,2420024,21
1581606732338,4151,2416052,25,2423663,11,2418378,36
1581607092340,4151,2416020,25,2423174,12,2418340,37
1581607452340,4151,2415950,26,2423463,11,2418184,37
1581607812341,4151,2415950,26,2423372,11,2418157,37
1581608172342,4151,2415320,33,2423165,9,2417001,42
1581608532343,4151,2414970,40,2422687,9,2416388,49
1581608892344,4151,2414841,39,2421697,10,2416241,49
1581609252345,4151,2414345,40,2421697,10,2415816,50
1581609612345,4151,2414345,40,2420441,9,2415465,49
1581609972347,4151,2413983,41,2414568,13,2414124,54
1581610332353,4151,2412383,24,2414456,14,2413147,38
1581610692352,4151,2412304,23,2414113,14,2412989,37
1581611052352,4151,2412218,22,2414113,14,2412955,36
1581611412356,4151,2412218,22,2413560,13,2412717,35
1581611772358,4151,2411033,24,2409226,19,2410234,43
1581612132355,4151,2409753,18,2410216,20,2409997,38
1581612492357,4151,2409753,18,2410262,20,2410021,38
1581612852358,4151,2410348,16,2410262,20,2410300,36
1581613212359,4151,2410335,18,2411012,23,2410715,41
1581613572360,4151,2409871,20,2410607,20,2410239,40
1581613932360,4151,2409745,22,2410642,20,2410172,42
1581614292363,4151,2409745,22,2410667,20,2410184,42
1581614652362,4151,2409709,23,2411029,22,2410354,45
1581615012364,4151,2409787,20,2413831,21,2411858,41
1581615372364,4151,2409414,27,2415122,20,2411843,47
1581615732366,4151,2409177,25,2414389,19,2411427,44
1581616452369,4151,2409529,28,2414476,20,2411590,48
1581616812369,4151,2409474,26,2414204,17,2411344,43
1581617172372,4151,2410121,24,2414522,18,2412007,42
1581617532370,4151,2410270,22,2414571,17,2412145,39
1581617892372,4151,2410254,24,2414554,18,2412097,42
1581618252373,4151,2410313,23,2414801,18,2412283,41
1581618612377,4151,2410166,24,2414437,15,2411809,39
1581618972374,4151,2412085,17,2414284,14,2413078,31
1581619332376,4151,2412262,16,2413994,17,2413154,33
1581619692377,4151,2412201,15,2413708,19,2413043,34
1581620052378,4151,2412108,19,2413692,18,2412879,37
1581620412380,4151,2412091,20,2413777,19,2412912,39
1581620772379,4151,2411802,22,2413634,18,2412626,40
1581621132382,4151,2411852,25,2413728,20,2412686,45
1581621492382,4151,2411976,24,2413711,21,2412786,45
1581621852384,4151,2411976,24,2413379,19,2412596,43
1581622212388,4151,2412181,21,2413752,21,2412966,42
1581622572385,4151,2411746,18,2413752,21,2412826,39
1581622932388,4151,2411849,19,2413959,18,2412875,37
1581623292388,4151,2411891,19,2414139,16,2412919,35
1581623652389,4151,2411800,14,2414066,18,2413075,32
1581624012390,4151,2411768,14,2413993,17,2412988,31
1581624372393,4151,2413253,33,2413785,17,2413434,50
1581624732394,4151,2413158,33,2413525,20,2413297,53
1581625092393,4151,2413216,32,2413496,19,2413321,51
1581625452395,4151,2413159,33,2413509,25,2413310,58
1581625812398,4151,2413186,37,2413491,24,2413306,61
1581626172398,4151,2413190,37,2413603,26,2413361,63
1581626532399,4151,2413176,36,2413607,26,2413357,62
1581626892401,4151,2413210,36,2413908,37,2413564,73
1581627252400,4151,2413196,37,2413968,37,2413582,74
1581627612402,4151,2413221,38,2413989,38,2413605,76
1581627972404,4151,2412490,15,2414131,39,2413675,54
1581628332404,4151,2412819,12,2414289,34,2413905,46
1581628692405,4151,2412848,13,2414335,32,2413906,45
1581629052406,4151,2412982,13,2414528,30,2414061,43
1581629412409,4151,2412790,9,2414598,27,2414146,36
1581629772408,4151,2412856,7,2414618,27,2414255,34
1581630132410,4151,2412957,9,2414694,35,2414339,44
1581630492411,4151,2413137,10,2414798,24,2414310,34
1581630852418,4151,2413169,11,2414727,26,2414264,37
1581631212416,4151,2413235,13,2414704,26,2414214,39
1581631572419,4151,2413235,13,2414704,26,2414214,39
1581631932419,4151,2413263,15,2414672,25,2414144,40
1581632292420,4151,2413287,16,2414672,24,2414118,40
1581632652420,4151,2413336,18,2414667,25,2414110,43
1581633012424,4151,2413358,21,2414611,28,2414074,49
1581633372432,4151,2413376,25,2414602,28,2414024,53
1581633732425,4151,2413390,25,2414487,21,2413891,46
1581634092425,4151,2413367,23,2414463,23,2413915,46
1581634452428,4151,2413393,21,2414532,20,2413949,41
1581634812428,4151,2413445,21,2414577,23,2414036,44
1581635172430,4151,2413519,22,2414565,23,2414054,45
1581635532430,4151,2413531,22,2414562,22,2414046,44
1581635892431,4151,2413542,20,2414562,22,2414076,42
1581636252433,4151,2413553,19,2414540,21,2414071,40
1581636612433,4151,2413577,20,2414589,20,2414083,40
1581636972434,4151,2413599,19,2414548,26,2414147,45
1581637332441,4151,2413627,21,2414542,25,2414125,46
1581637692439,4151,2413636,28,2414551,22,2414039,50
1581638052441,4151,2413636,28,2414527,23,2414038,51
1581638412443,4151,2413661,27,2414478,21,2414019,48
1581638772445,4151,2413659,25,2414476,23,2414050,48
1581639132444,4151,2413658,24,2414464,22,2414043,46
1581639492447,4151,2413674,28,2414464,22,2414021,50
1581639852447,4151,2413683,27,2414469,19,2414007,46
1581640212450,4151,2413692,23,2414472,18,2414035,41
1581640572449,4151,2413719,24,2414531,12,2413990,36
1581640932451,4151,2413726,21,2414534,11,2414004,32
1581641292453,4151,2413757,14,2414534,12,2414115,26
1581641652454,4151,2413777,17,2414558,13,2414115,30
1581642012456,4151,2413789,16,2414584,14,2414160,30
1581642372458,4151,2413833,22,2414624,16,2414166,38
1581642732461,4151,2413842,24,2414599,20,2414186,44
1581643092461,4151,2413861,21,2414599,22,2414239,43
1581643452461,4151,2413882,22,2414601,23,2414249,45
1581643812464,4151,2413913,28,2414610,24,2414235,52
1581644172463,4151,2413938,24,2414592,21,2414243,45
1581644532465,4151,2413950,24,2414592,21,2414249,45
1581644892465,4151,2413950,24,2414592,21,2414249,45
1581645252467,4151,2413961,21,2414594,22,2414285,43
1581645612468,4151,2413967,21,2414591,23,2414293,44
1581645972469,4151,2414007,14,2414580,23,2414363,37
1581646332469,4151,2414023,13,2414598,20,2414371,33
1581646692471,4151,2414032,13,2414587,20,2414368,33
1581647052472,4151,2414044,14,2414584,19,2414355,33
1581647412475,4151,2414070,12,2414574,20,2414385,32
1581647772474,4151,2414079,15,2414571,22,2414371,37
1581648132476,4151,2414095,16,2414572,23,2414376,39
1581648492477,4151,2414095,16,2414580,24,2414386,40
1581648852478,4151,2414095,16,2414577,20,2414362,36
1581649212479,4151,2414106,16,2414594,21,2414383,37
1581649572482,4151,2414125,17,2414613,18,2414376,35
1581649932482,4151,2414140,18,2414612,20,2414389,38
1581650292483,4151,2414161,18,2414623,19,2414398,37
1581650652484,4151,2414170,16,2414623,21,2414427,37
1581651012487,4151,2414199,13,2414635,20,2414463,33
1581651372487,4151,2414236,14,2414643,19,2414471,33
1581651732488,4151,2414248,13,2414643,21,2414492,34
1581652092490,4151,2414248,13,2414641,19,2414481,32
1581652452490,4151,2414248,13,2414642,20,2414487,33
1581652812492,4151,2414254,13,2414641,17,2414473,30
1581653172492,4151,2414264,12,2414629,16,2414473,28
1581653532493,4151,2414282,13,2414635,17,2414482,30
1581653892497,4151,2414285,11,2414635,18,2414502,29
1581654252499,4151,2414289,12,2414637,16,2414488,28
1581654612501,4151,2414292,11,2414633,16,2414494,27
1581654972500,4151,2414305,8,2414630,17,2414526,25
1581655332501,4151,2414313,8,2414629,16,2414524,24
1581655692502,4151,2414315,9,2414623,21,2414530,30
1581656052505,4151,2414317,10,2414621,20,2414519,30
1581656412504,4151,2414327,14,2414615,18,2414489,32
1581656772508,4151,2414331,14,2414610,20,2414495,34
1581657132509,4151,2414333,16,2414602,18,2414476,34
1581657492512,4151,2414332,18,2414603,16,2414459,34
1581657852513,4151,2414328,18,2414873,17,2414592,35
1581658212514,4151,2414265,19,2415362,18,2414799,37
1581658572514,4151,2414304,33,2412629,33,2413466,66
1581658932516,4151,2414445,33,2412252,34,2413332,67
1581659292519,4151,2414447,33,2411692,34,2413049,67
1581659652521,4151,2414859,35,2409912,51,2411925,86
1581660012521,4151,2414937,35,2409899,54,2411880,89
1581660372522,4151,2415190,42,2409774,52,2412194,94
1581660732523,4151,2415306,37,2409769,51,2412097,88
1581661092524,4151,2415468,36,2410124,53,2412286,89
1581661452525,4151,2415443,36,2410121,53,2412273,89
1581661812529,4151,2415508,35,2409857,51,2412157,86
1581662172532,4151,2417171,32,2410564,37,2413628,69
1581662532530,4151,2416981,32,2410886,35,2413797,67
1581662892529,4151,2417065,31,2411529,33,2414210,64
1581663252539,4151,2417008,28,2417029,16,2417015,44
1581663612537,4151,2417081,27,2418924,17,2417793,44
1581663972540,4151,2416840,22,2418822,21,2417808,43
1581664332539,4151,2416441,24,2418260,23,2417331,47
1581664692540,4151,2416321,23,2417995,24,2417176,47
1581665052540,4151,2416386,23,2417975,24,2417197,47
1581665412541,4151,2416386,23,2417922,23,2417154,46
1581665772543,4151,2414143,14,2417787,22,2416370,36
1581666132544,4151,2414235,13,2417720,21,2416388,34
1581666492545,4151,2414235,13,2417708,18,2416252,31
1581666852546,4151,2413822,12,2417418,23,2416185,35
1581667212547,4151,2413670,11,2416964,19,2415757,30
1581667572551,4151,2414067,10,2416519,14,2415497,24
1581667932556,4151,2414570,8,2416967,12,2416008,20
1581668292554,4151,2414570,8,2416873,11,2415903,19
1581668652555,4151,2414536,7,2416651,11,2415828,18
1581669012557,4151,2414536,7,2416542,13,2415840,20
1581669372557,4151,2414534,6,2416275,13,2415725,19
1581669732561,4151,2414392,7,2416275,13,2415616,20
1581670092560,4151,2414392,7,2416275,13,2415616,20
1581670452561,4151,2414227,9,2416277,9,2415252,18
1581670812562,4151,2414067,7,2416361,11,2415469,18
1581671172567,4151,2413874,5,2416398,12,2415655,17
1581671532566,4151,2413990,6,2416441,12,2415624,18
1581671892568,4151,2413874,7,2416508,11,2415484,18
1581672252570,4151,2412611,9,2416567,11,2414787,20
1581672612570,4151,2412789,10,2416714,10,2414751,20
1581672972574,4151,2412789,10,2416753,10,2414771,20
1581673332574,4151,2412706,9,2416753,10,2414836,19
1581673692574,4151,2412706,9,2416726,11,2414917,20
1581674052575,4151,2412482,8,2416719,10,2414836,18
1581674412576,4151,2412482,8,2416714,8,2414598,16
1581674772580,4151,2412482,8,2416702,7,2414451,15
1581675132579,4151,2412183,7,2416692,6,2414264,13
1581675492582,4151,2412447,8,2416711,5,2414087,13
1581675852582,4151,2413874,7,2416591,5,2415006,12
1581676212585,4151,2413819,7,2416539,4,2414808,11
1581676572585,4151,2413803,14,2415985,4,2414288,18
1581676932590,4151,2414163,15,2416048,5,2414634,20
1581677292588,4151,2414163,15,2415947,4,2414538,19
1581677652588,4151,2414216,15,2415913,5,2414640,20
1581678012590,4151,2414282,18,2415890,6,2414684,24
1581678372593,4151,2414233,21,2415890,6,2414601,27
1581678732593,4151,2414233,21,2415816,8,2414670,29
1581679092594,4151,2414285,19,2415732,9,2414750,28
1581679452594,4151,2414305,18,2415686,8,2414730,26
1581679812596,4151,2414323,17,2415686,8,2414759,25
1581680172596,4151,2414516,11,2415684,6,2414928,17
1581680532599,4151,2414017,11,2415369,7,2414543,18
1581680892599,4151,2414002,12,2415369,7,2414505,19
1581681252601,4151,2414038,11,2415301,6,2414484,17
1581681612602,4151,2413842,9,2415084,6,2414339,15
1581681972603,4151,2413785,9,2414971,9,2414378,18
1581682332607,4151,2413785,9,2414792,7,2414226,16
1581682692608,4151,2413854,10,2414782,7,2414236,17
1581683052607,4151,2413854,10,2414782,7,2414236,17
1581683412609,4151,2413854,10,2414782,7,2414236,17
1581683772612,4151,2413806,10,2414804,8,2414249,18
1581684132612,4151,2413817,9,2414865,11,2414393,20
1581684492614,4151,2413815,8,2414865,11,2414423,19
1581684852616,4151,2413815,8,2414875,12,2414451,20
1581685212617,4151,2413789,7,2414894,12,2414487,19
1581685572619,4151,2413734,6,2414916,12,2414522,18
1581685932623,4151,2413734,6,2414911,14,2414558,20
1581686292622,4151,2413586,5,2414905,13,2414539,18
1581686652622,4151,2413734,6,2414905,13,2414535,19
1581687012624,4151,2413839,7,2414874,14,2414529,21
1581687372625,4151,2413985,7,2414880,14,2414582,21
1581687732626,4151,2413976,8,2414828,9,2414427,17
1581688092627,4151,2413979,9,2414817,11,2414440,20
1581688452628,4151,2413979,9,2414772,11,2414415,20
1581688812629,4151,2413979,9,2414779,10,2414400,19
1581689172631,4151,2414205,10,2414693,9,2414436,19
1581689532631,4151,2414205,10,2414667,9,2414424,19
1581689892634,4151,2414221,12,2414667,9,2414412,21
1581690252635,4151,2414240,13,2414667,9,2414415,22
1581690612637,4151,2414240,13,2414672,10,2414428,23
1581690972638,4151,2414335,10,2414631,9,2414475,19
1581691332639,4151,2414382,9,2414624,10,2414509,19
1581691692641,4151,2414429,8,2414567,9,2414502,17
1581692052642,4151,2414429,8,2414617,9,2414528,17
1581692412644,4151,2414441,11,2414647,11,2414544,22
1581692772646,4151,2414384,12,2414632,13,2414513,25
1581693132645,4151,2414384,12,2414595,12,2414490,24
1581693492646,4151,2414401,10,2414595,12,2414507,22
1581693852647,4151,2414367,10,2414586,13,2414491,23
1581694212650,4151,2414356,9,2414609,13,2414505,22
1581694572650,4151,2414347,12,2414622,14,2414495,26
1581694932651,4151,2414352,17,2414636,14,2414480,31
1581695292652,4151,2414356,19,2414641,14,2414477,33
1581695652654,4151,2414356,19,2414619,13,2414463,32
1581696012654,4151,2414334,16,2414593,12,2414445,28
1581696372655,4151,2414356,13,2414601,10,2414463,23
1581696732658,4151,2414673,15,2414599,11,2414642,26
1581697092664,4151,2414661,16,2414600,13,2414633,29
1581697452661,4151,2414712,14,2414611,13,2414663,27
1581697812662,4151,2414624,20,2414586,11,2414611,31
1581698172664,4151,2414633,19,2414557,11,2414605,30
1581698532665,4151,2414688,16,2414536,12,2414623,28
1581698892666,4151,2414731,14,2414546,12,2414646,26
1581699252669,4151,2413140,16,2414557,15,2413825,31
1581699612675,4151,2413218,17,2413866,18,2413551,35
1581699972677,4151,2413140,16,2413790,16,2413465,32
1581700332679,4151,2412627,14,2413687,14,2413157,28
1581700692680,4151,2412485,13,2413718,15,2413146,28
1581701052681,4151,2412539,14,2413694,15,2413137,29
1581701412682,4151,2412034,16,2413658,17,2412871,33
1581701772683,4151,2412167,17,2413673,18,2412941,35
1581702132683,4151,2411906,16,2413611,17,2412784,33
1581702492685,4151,2411929,17,2413621,19,2412822,36
1581702852686,4151,2413187,16,2413437,16,2413312,32
1581703212687,4151,2412909,18,2414094,12,2413383,30
1581703572692,4151,2412642,22,2414056,18,2413278,40
1581703932691,4151,2412589,23,2414059,21,2413291,44
1581704292694,4151,2412572,24,2413963,20,2413205,44
1581704652698,4151,2412467,27,2413944,20,2413096,47
1581705012697,4151,2412035,17,2413953,19,2413047,36
1581705372698,4151,2411897,17,2413958,18,2412957,35
1581705732700,4151,2411791,19,2414002,21,2412952,40
1581706092706,4151,2411757,20,2414002,18,2412820,38
1581706452703,4151,2411734,19,2413983,19,2412859,38
1581706812703,4151,2411599,18,2413954,21,2412867,39
1581707172706,4151,2411427,20,2413889,18,2412593,38
1581707532706,4151,2411382,20,2413817,17,2412501,37
1581707892707,4151,2411330,20,2413757,20,2412543,40
1581708252708,4151,2411154,16,2413751,19,2412563,35
1581708612710,4151,2411154,16,2413673,21,2412583,37
1581708972711,4151,2411071,16,2413538,24,2412551,40
1581709332713,4151,2410887,15,2413348,22,2412350,37
1581709692713,4151,2410732,14,2413315,23,2412337,37
1581710052715,4151,2410693,15,2413268,23,2412252,38
1581710412715,4151,2410699,14,2413202,22,2412228,36
1581710772719,4151,2410547,10,2413075,23,2412309,33
1581711132718,4151,2410525,10,2412999,22,2412226,32
1581711492720,4151,2410458,9,2412818,18,2412032,27
1581711852723,4151,2410473,10,2412818,18,2411981,28
1581712212723,4151,2410485,11,2412817,17,2411901,28
1581712572725,4151,2410580,13,2412740,13,2411660,26
1581712932725,4151,2410648,11,2412700,12,2411719,23
1581713292727,4151,2410540,12,2412567,15,2411666,27
1581713652729,4151,2410506,12,2412567,14,2411616,26
1581714012730,4151,2410365,14,2412587,16,2411550,30
1581714372741,4151,2410308,18,2412518,16,2411348,34
1581714732732,4151,2410404,23,2412529,15,2411243,38
1581715092733,4151,2410413,24,2412483,16,2411241,40
1581715452735,4151,2410432,26,2412441,18,2411254,44
1581715812738,4151,2410425,25,2412361,18,2411235,43
1581716172739,4151,2410363,24,2412161,23,2411243,47
1581716532738,4151,2410363,24,2412118,23,2411222,47
1581716892739,4151,2410428,25,2412078,20,2411162,45
1581717252743,4151,2410492,26,2411967,26,2411230,52
1581717612742,4151,2410622,27,2411805,25,2411191,52
1581717972743,4151,2410689,23,2411680,24,2411195,47
1581718332744,4151,2410694,17,2411691,26,2411296,43
1581718692748,4151,2410711,17,2411677,26,2411295,43
1581719052747,4151,2410853,16,2411644,28,2411356,44
1581719412748,4151,2410853,16,2411698,32,2411416,48
1581719772749,4151,2410903,15,2411722,29,2411443,44
1581720132752,4151,2410903,15,2411758,31,2411479,46
1581720492753,4151,2410984,13,2411767,31,2411536,44
1581720852753,4151,2410992,12,2411808,25,2411543,37
1581721212756,4151,2410970,8,2411890,24,2411660,32
1581721572755,4151,2411150,8,2412034,26,2411826,34
1581721932756,4151,2411150,8,2412052,24,2411826,32
1581722292758,4151,2411546,9,2412058,23,2411914,32
1581722652762,4151,2411492,7,2412154,20,2411982,27
1581723012760,4151,2411438,11,2412389,16,2412001,27
1581723372761,4151,2411486,11,2412518,27,2412219,38
1581723732765,4151,2411486,11,2412577,26,2412253,37
1581724092763,4151,2411539,10,2412607,25,2412302,35
1581724452766,4151,2411866,11,2412607,25,2412381,36
1581724812767,4151,2412339,16,2412784,22,2412597,38
1581725172769,4151,2412473,15,2412734,20,2412622,35
1581725532771,4151,2412473,15,2412767,21,2412644,36
1581725892770,4151,2412534,23,2412552,85,2412548,108
1581726252773,4151,2412550,31,2412553,88,2412552,119
1581726612774,4151,2412725,63,2412533,87,2412614,150
1581726972774,4151,2412725,87,2412534,77,2412635,164
1581727332778,4151,2412721,88,2412558,79,2412644,167
1581727692780,4151,2412731,95,2412581,82,2412662,177
1581728052779,4151,2412730,104,2412596,85,2412670,189
1581728412781,4151,2412662,102,2412588,86,2412628,188
1581728772782,4151,2412641,106,2412587,88,2412616,194
1581729132783,4151,2412635,109,2412583,88,2412612,197
1581729492786,4151,2412630,99,2412932,25,2412691,124
1581729852786,4151,2412634,91,2413007,21,2412704,112
1581730212787,4151,2412570,57,2413025,21,2412692,78
1581730572788,4151,2412486,34,2413040,19,2412685,53
1581730932791,4151,2412485,34,2413037,20,2412689,54
1581731292791,4151,2412389,27,2413007,18,2412636,45
1581731652794,4151,2412131,17,2413009,15,2412543,32
1581732012794,4151,2412415,15,2412979,13,2412677,28
1581732372797,4151,2412390,10,2412965,14,2412726,24
1581732732799,4151,2412358,9,2412940,14,2412712,23
1581733092800,4151,2412358,9,2412843,13,2412645,22
1581733452799,4151,2412321,12,2412851,14,2412606,26
1581733812802,4151,2412314,11,2412862,15,2412630,26
1581734172801,4151,2412320,11,2412883,16,2412653,27
1581734532803,4151,2412506,12,2412867,13,2412693,25
1581734892805,4151,2412568,14,2413555,33,2413261,47
1581735252806,4151,2412578,14,2413555,33,2413264,47
1581735612807,4151,2412587,16,2413525,34,2413224,50
1581735972809,4151,2412569,20,2413577,32,2413189,52
1581736332809,4151,2412610,19,2413616,34,2413255,53
1581736692810,4151,2412642,21,2413650,33,2413258,54
1581737052811,4151,2412724,19,2413675,33,2413327,52
1581737412812,4151,2412740,18,2413746,32,2413384,50
1581737772820,4151,2412766,18,2414017,32,2413567,50
1581738132825,4151,2412681,16,2414045,31,2413581,47
1581738492821,4151,2412724,17,2414183,12,2413328,29
1581738852822,4151,2412845,17,2414923,14,2413784,31
1581739212824,4151,2412962,17,2416833,23,2415188,40
1581739572824,4151,2413453,16,2416817,24,2415471,40
1581739932826,4151,2413492,15,2417739,22,2416017,37
1581740292829,4151,2413720,15,2418250,23,2416462,38
1581740652829,4151,2418047,19,2419820,25,2419055,44
1581741012829,4151,2418645,20,2420002,27,2419425,47
1581741372831,4151,2420004,23,2422773,26,2421473,49
1581741732831,4151,2419795,24,2423219,27,2421608,51
1581742092834,4151,2420636,22,2423577,26,2422229,48
1581742452834,4151,2421336,20,2424031,25,2422833,45
1581742812834,4151,2421736,21,2426547,17,2423888,38
1581743172838,4151,2430223,34,2435275,28,2432505,62
1581743532837,4151,2435234,41,2439003,33,2436914,74
1581743892845,4151,2433634,49,2434276,44,2433938,93
1581744252841,4151,2433563,47,2434690,45,2434114,92
1581744612843,4151,2433426,47,2433903,53,2433679,100
1581744972845,4151,2434484,59,2433459,60,2433967,119
1581745332847,4151,2435003,65,2433749,70,2434353,135
1581745692846,4151,2435207,68,2433753,71,2434464,139
1581746052852,4151,2435114,69,2433859,71,2434477,140
1581746412852,4151,2435140,71,2434242,69,2434697,140
1581746772853,4151,2428044,81,2432120,57,2429727,138
1581747132855,4151,2424797,76,2429559,52,2426732,128
1581747492855,4151,2424877,67,2432196,41,2427655,108
1581747852858,4151,2424506,66,2431828,37,2427136,103
1581748212862,4151,2424368,66,2433936,27,2427146,93
1581748572861,4151,2421203,58,2428799,42,2424393,100
1581748932862,4151,2419647,54,2426950,34,2422469,88
1581749292863,4151,2418990,52,2426376,34,2421910,86
1581749652864,4151,2420261,59,2426312,34,2422473,93
1581750012875,4151,2420062,58,2426166,37,2422439,95
1581750372879,4151,2424880,32,2425662,39,2425310,71
1581750732874,4151,2424953,33,2425450,40,2425225,73
1581751092882,4151,2425264,32,2425313,40,2425291,72
1581751452884,4151,2425948,30,2425313,40,2425585,70
1581751812883,4151,2427034,27,2424953,38,2425817,65
1581752172884,4151,2430458,24,2424625,22,2427669,46
1581752532885,4151,2431553,22,2423967,18,2428140,40
1581752892886,4151,2431751,22,2424526,17,2428601,39
1581753252889,4151,2432989,14,2424070,16,2428232,30
1581753612890,4151,2434309,11,2425903,16,2429327,27
1581753972894,4151,2436086,9,2426788,13,2430592,22
1581754332891,4151,2437107,9,2427705,12,2431734,21
1581754692898,4151,2437107,9,2427678,11,2431921,20
1581755052897,4151,2436179,11,2427678,11,2431928,22
1581755412898,4151,2436179,11,2429969,9,2433384,20
1581755772898,4151,2429964,9,2436565,7,2432852,16
1581756132898,4151,2429964,9,2436585,8,2433080,17
1581756492900,4151,2428811,7,2436941,9,2433384,16
1581756852900,4151,2429213,8,2436941,9,2433304,17
1581757212903,4151,2430105,10,2451326,8,2439537,18
1581757572903,4151,2443003,14,2449090,14,2446047,28
1581757932904,4151,2446882,20,2446195,23,2446515,43
1581758292910,4151,2447745,25,2447506,27,2447621,52
1581758652908,4151,2452247,27,2449532,37,2450677,64
1581759012908,4151,2458716,33,2449714,37,2453957,70
1581759372910,4151,2459184,36,2450660,38,2454806,74
1581759732911,4151,2458727,38,2451036,37,2454933,75
1581760092912,4151,2458282,40,2452413,38,2455423,78
1581760452912,4151,2458955,39,2452413,38,2455727,77
1581760812914,4151,2460299,42,2452612,42,2456455,84
1581761172916,4151,2458726,38,2453272,37,2456035,75
1581761532916,4151,2461190,31,2457713,28,2459540,59
1581761892921,4151,2462691,27,2458158,24,2460558,51
1581762252920,4151,2460976,24,2460372,15,2460743,39
1581762612923,4151,2453935,20,2463108,13,2457549,33
1581762972924,4151,2447441,19,2460326,17,2453526,36
1581763332924,4151,2447462,18,2457959,27,2453760,45
1581763692926,4151,2447166,16,2456870,25,2453083,41
1581764052927,4151,2447166,16,2456757,26,2453103,42
1581764412928,4151,2441272,11,2454240,23,2450045,34
1581764772930,4151,2442324,12,2455067,24,2450820,36
1581765132932,4151,2448645,26,2454910,30,2452001,56
1581765492933,4151,2449467,29,2454895,31,2452271,60
1581765852934,4151,2449445,29,2454731,30,2452133,59
1581766212935,4151,2449485,26,2455054,33,2452600,59
1581766572936,4151,2454082,22,2455044,27,2454612,49
1581766932937,4151,2454089,21,2455343,18,2454668,39
1581767292937,4151,2454190,24,2454778,22,2454471,46
1581767652939,4151,2454190,24,2454818,21,2454483,45
1581768012940,4151,2454072,25,2454464,18,2454236,43
1581768372943,4151,2453291,28,2453954,23,2453590,51
1581768732943,4151,2449809,14,2447645,19,2448563,33
1581769092945,4151,2444452,17,2441401,22,2442731,39
1581769452945,4151,2444035,16,2441949,23,2442805,39
1581769812948,4151,2444159,18,2440190,21,2442022,39
1581770172950,4151,2443893,20,2440730,22,2442236,42
1581770532951,4151,2443462,23,2440683,22,2442103,45
1581770892952,4151,2441746,20,2438116,18,2440027,38
1581771252955,4151,2441746,20,2438116,18,2440027,38
1581771612961,4151,2441247,19,2439543,21,2440352,40
1581771972959,4151,2439297,15,2433808,15,2436552,30
1581772332959,4151,2441152,13,2438511,12,2439884,25
1581772692961,4151,2441576,8,2450266,8,2445921,16
1581773052962,4151,2441576,8,2449733,7,2445383,15
1581773412964,4151,2440384,6,2448979,8,2445295,14
1581773772966,4151,2439960,5,2448650,8,2445308,13
1581774132966,4151,2437926,3,2448700,7,2445468,10
1581774492967,4151,2437541,4,2448725,8,2444997,12
1581774852973,4151,2437541,4,2448639,10,2445468,14
1581775212975,4151,2438153,5,2448869,7,2444404,12
1581775572975,4151,2438519,7,2448194,12,2444630,19
1581775932976,4151,2438839,9,2448118,13,2444322,22
1581776292982,4151,2439166,12,2448107,14,2443980,26
1581776652980,4151,2439231,13,2448219,16,2444190,29
1581777012985,4151,2439231,13,2447870,17,2444127,30
1581777372986,4151,2439317,13,2447811,17,2444130,30
1581777732986,4151,2439784,13,2447877,18,2444483,31
1581778092987,4151,2440231,14,2448042,21,2444918,35
1581778452990,4151,2440231,14,2448015,19,2444713,33
1581778812990,4151,2440203,13,2448015,19,2444842,32
1581779172993,4151,2440433,14,2448623,17,2444924,31
1581779532994,4151,2440511,12,2448704,19,2445533,31
1581779892999,4151,2441630,11,2448706,19,2446111,30
1581780253000,4151,2441715,13,2448671,17,2445657,30
1581780613002,4151,2441597,14,2456774,19,2450335,33
1581780973002,4151,2433289,18,2451605,23,2443564,41
1581781333003,4151,2431577,18,2451723,22,2442658,40
1581781693004,4151,2428220,18,2446853,21,2438253,39
1581782053004,4151,2426498,20,2445360,22,2436378,42
1581782413006,4151,2426902,23,2445360,22,2435926,45
1581782773014,4151,2425676,22,2444046,20,2434424,42
1581783133010,4151,2426661,24,2443292,18,2433788,42
1581783493013,4151,2427741,26,2443118,19,2434234,45
1581783853015,4151,2426330,24,2443123,20,2433963,44
1581784213017,4151,2428121,27,2433021,20,2430206,47
1581784573017,4151,2431374,25,2433454,22,2432348,47
1581784933020,4151,2431465,26,2433879,23,2432598,49
1581785293020,4151,2432771,26,2434787,26,2433779,52
1581785653021,4151,2434031,30,2433744,30,2433887,60
1581786013024,4151,2434003,32,2433353,32,2433678,64
1581786373026,4151,2432896,33,2432556,33,2432726,66
1581786733028,4151,2432041,34,2431677,35,2431857,69
1581787093035,4151,2430136,32,2431042,40,2430639,72
1581787453034,4151,2428688,39,2430906,43,2429851,82
1581787813036,4151,2428677,42,2430477,44,2429598,86
1581788173038,4151,2427255,37,2429653,36,2428438,73
1581788533038,4151,2427534,35,2429341,36,2428451,71
1581788893038,4151,2427364,35,2430425,32,2428826,67
1581789253041,4151,2426444,29,2431324,30,2428925,59
1581789613042,4151,2425454,24,2431599,28,2428763,52
1581789973045,4151,2426754,31,2430638,45,2429054,76
1581790333047,4151,2427040,34,2430563,48,2429102,82
1581790693047,4151,2427476,37,2429976,48,2428888,85
1581791053049,4151,2428653,31,2429081,61,2428937,92
1581791413055,4151,2429057,42,2428958,59,2428999,101
1581791773055,4151,2429210,41,2428847,60,2428995,101
1581792133055,4151,2429227,49,2428767,64,2428966,113
1581792493057,4151,2429425,54,2428235,67,2428766,121
1581792853059,4151,2429141,59,2428183,64,2428643,123
1581793213060,4151,2428993,60,2428057,65,2428506,125
1581793573063,4151,2429104,50,2428953,51,2429028,101
1581793933069,4151,2429465,45,2429328,46,2429396,91
1581794293068,4151,2428672,41,2430388,42,2429540,83
1581794653069,4151,2428226,40,2432168,28,2429849,68
1581795013071,4151,2426252,27,2426786,42,2426577,69
1581795373074,4151,2425234,30,2423843,58,2424318,88
1581795733074,4151,2425929,49,2423244,57,2424485,106
1581796093074,4151,2426418,59,2423142,54,2424853,113
1581796453079,4151,2426387,55,2423249,55,2424818,110
1581796813078,4151,2426401,55,2423309,54,2424869,109
1581797173080,4151,2426287,56,2421466,49,2424037,105
1581797533081,4151,2426046,55,2423006,50,2424599,105
1581797893086,4151,2426238,57,2421922,47,2424287,104
1581798253087,4151,2426445,56,2422159,46,2424512,102
1581798613086,4151,2426874,54,2424341,32,2425931,86
1581798973087,4151,2427122,53,2431404,18,2428208,71
1581799333093,4151,2425037,30,2434504,15,2428192,45
1581799693095,4151,2419701,13,2433694,16,2427422,29
1581800053093,4151,2419188,14,2434007,15,2426853,29
1581800413094,4151,2419742,16,2433065,17,2426606,33
1581800773096,4151,2419717,23,2426899,32,2423895,55
1581801133097,4151,2419715,25,2423836,32,2422029,57
1581801493100,4151,2419166,23,2423836,32,2421883,55
1581801853101,4151,2419284,24,2422909,33,2421383,57
1581802213104,4151,2419155,26,2423173,32,2421372,58
1581802573106,4151,2418756,34,2422528,30,2420524,64
1581802933105,4151,2419304,36,2422188,28,2420566,64
1581803293109,4151,2419856,41,2421605,26,2420535,67
1581803653112,4151,2419730,42,2421490,28,2420434,70
1581804013112,4151,2419302,41,2420495,60,2420011,101
1581804373113,4151,2419922,48,2420385,63,2420185,111
1581804733114,4151,2419932,46,2420397,61,2420197,107
1581805093120,4151,2418832,66,2420397,61,2419584,127
1581805453121,4151,2418661,77,2420175,63,2419342,140
1581805813126,4151,2418280,78,2420172,64,2419133,142
1581806173124,4151,2418142,71,2420159,64,2419098,135
1581806533126,4151,2417928,66,2420608,71,2419317,137
1581806893127,4151,2417444,61,2420761,74,2419262,135
1581807253130,4151,2417523,60,2420908,77,2419426,137
1581807613131,4151,2418239,73,2421743,45,2419576,118
1581807973136,4151,2417565,63,2422511,28,2419087,91
1581808333137,4151,2417562,71,2422545,29,2419007,100
1581808693137,4151,2418014,51,2422298,33,2419697,84
1581809053138,4151,2418018,39,2422744,28,2419993,67
1581809413144,4151,2418849,36,2422896,28,2420620,64
1581809773143,4151,2419349,36,2421911,35,2420612,71
1581810133148,4151,2419501,35,2421261,30,2420313,65
1581810493148,4151,2419318,39,2420930,27,2419978,66
1581810853151,4151,2419341,41,2420588,23,2419789,64
1581811213149,4151,2418534,26,2420229,22,2419311,48
1581811573154,4151,2418299,21,2420380,22,2419364,43
1581811933154,4151,2418771,13,2420231,21,2419673,34
1581812293154,4151,2419213,20,2420145,18,2419654,38
1581812653156,4151,2419372,27,2419868,23,2419600,50
1581813013159,4151,2419372,27,2419868,23,2419600,50
1581813373160,4151,2419517,45,2419552,24,2419529,69
1581813733160,4151,2418859,50,2419421,24,2419041,74
1581814093161,4151,2418958,46,2419483,26,2419148,72
1581814453165,4151,2418932,42,2419608,29,2419208,71
1581814813168,4151,2418932,42,2419754,31,2419281,73
1581815173170,4151,2418784,44,2419818,33,2419228,77
1581815533171,4151,2418578,46,2419829,35,2419118,81
1581815893173,4151,2418176,37,2419800,35,2418965,72
1581816253175,4151,2417956,40,2419639,44,2418838,84
1581816613177,4151,2417444,35,2419822,39,2418697,74
1581816973177,4151,2418135,47,2419680,45,2418891,92
1581817333178,4151,2418633,46,2419562,47,2419102,93
1581817693180,4151,2418513,49,2419415,47,2418955,96
1581818053186,4151,2418448,51,2419266,43,2418822,94
1581818413186,4151,2418454,52,2419101,41,2418740,93
1581818773187,4151,2418538,51,2419025,43,2418761,94
1581819133187,4151,2418722,49,2418956,44,2418833,93
1581819493191,4151,2418537,52,2418947,46,2418730,98
1581819853193,4151,2418562,47,2418952,36,2418731,83
1581820213193,4151,2418354,38,2418906,35,2418619,73
1581820573193,4151,2417641,25,2418788,34,2418302,59
1581820933196,4151,2417694,21,2418805,30,2418348,51
1581821293195,4151,2417863,18,2418821,27,2418438,45
1581821653204,4151,2417884,19,2418839,29,2418461,48
1581822013206,4151,2417834,18,2418889,31,2418502,49
1581822373206,4151,2418084,24,2418555,36,2418367,60
1581822733206,4151,2418169,27,2418564,35,2418392,62
1581823093213,4151,2418515,25,2418503,34,2418508,59
1581823453214,4151,2418311,23,2418491,33,2418417,56
1581823813217,4151,2418194,25,2418502,30,2418362,55
1581824173215,4151,2418076,26,2418387,29,2418240,55
1581824533219,4151,2418076,26,2418370,30,2418234,56
1581824893219,4151,2418027,27,2418370,30,2418208,57
1581825253219,4151,2418012,26,2418313,29,2418171,55
1581825613220,4151,2417964,27,2418201,27,2418083,54
1581825973223,4151,2417390,23,2418305,24,2417857,47
1581826333223,4151,2417417,29,2418277,25,2417815,54
1581826693231,4151,2417379,30,2418302,28,2417825,58
1581827053228,4151,2417542,38,2418154,36,2417840,74
1581827413229,4151,2417614,38,2418118,42,2417879,80
1581827773230,4151,2417673,41,2418094,41,2417883,82
1581828133232,4151,2417766,52,2418040,57,2417909,109
1581828493235,4151,2417799,53,2418041,60,2417927,113
1581828853236,4151,2417884,60,2418044,61,2417965,121
1581829213236,4151,2417886,65,2418028,63,2417956,128
1581829573244,4151,2417990,66,2417995,59,2417993,125
1581829933242,4151,2417616,81,2417963,57,2417760,138
1581830293243,4151,2417303,83,2417942,53,2417552,136
1581830653245,4151,2417219,73,2417917,43,2417478,116
1581831013248,4151,2417167,70,2417911,41,2417442,111
1581831373247,4151,2417043,65,2417615,68,2417336,133
1581831733252,4151,2416835,55,2417523,53,2417173,108
1581832093259,4151,2416793,54,2417487,59,2417155,113
1581832453259,4151,2416550,47,2417462,57,2417050,104
1581832813258,4151,2416566,50,2417432,51,2417003,101
1581833173259,4151,2416590,54,2417413,51,2416990,105
1581833533262,4151,2416661,37,2417397,52,2417091,89
1581833893261,4151,2417382,48,2417386,54,2417384,102
1581834253262,4151,2417384,49,2417359,57,2417370,106
1581834613263,4151,2417368,49,2417323,53,2417345,102
1581834973264,4151,2417352,46,2417390,24,2417365,70
1581835333266,4151,2417346,46,2417384,23,2417359,69
1581835693267,4151,2417350,45,2417345,15,2417349,60
1581836053269,4151,2417361,43,2417380,17,2417366,60
1581836413269,4151,2417348,39,2417380,17,2417358,56
1581836773270,4151,2417396,26,2417400,16,2417397,42
1581837133271,4151,2417395,19,2417459,15,2417423,34
1581837493272,4151,2417052,4,2417493,16,2417405,20
1581837853273,4151,2417040,5,2417597,13,2417442,18
1581838213274,4151,2417130,4,2417579,14,2417479,18
1581838573283,4151,2417129,6,2417544,12,2417405,18
1581838933286,4151,2417117,7,2417523,12,2417374,19
1581839293284,4151,2417150,8,2417525,11,2417367,19
1581839653285,4151,2417133,9,2417321,14,2417247,23
1581840013286,4151,2417124,10,2417300,15,2417229,25
1581840373287,4151,2417137,16,2417256,20,2417203,36
1581840733289,4151,2417137,16,2417239,19,2417192,35
1581841093290,4151,2417129,17,2417174,17,2417151,34
1581841453291,4151,2417108,16,2417163,16,2417135,32
1581841813294,4151,2417141,21,2417147,17,2417144,38
1581842173296,4151,2417126,22,2417188,19,2417155,41
1581842533296,4151,2417134,20,2417175,18,2417153,38
1581842893298,4151,2417116,20,2417175,18,2417144,38
1581843253302,4151,2417100,25,2417242,13,2417148,38
1581843613303,4151,2417102,24,2417275,13,2417163,37
1581843973303,4151,2417084,18,2417369,8,2417171,26
1581844333305,4151,2417084,18,2417381,10,2417190,28
1581844693306,4151,2417089,17,2417367,8,2417178,25
1581845053307,4151,2417094,17,2417367,8,2417181,25
1581845413308,4151,2417031,12,2417448,8,2417198,20
1581845773309,4151,2417038,8,2417417,6,2417200,14
1581846133312,4151,2417038,8,2417405,7,2417209,15
1581846493312,4151,2417040,8,2417386,8,2417213,16
1581846853317,4151,2417501,5,2417386,8,2417430,13
1581847213315,4151,2417181,14,2417337,8,2417238,22
1581847573317,4151,2417169,15,2417594,10,2417339,25
1581847933317,4151,2417165,16,2417517,10,2417300,26
1581848293318,4151,2417165,16,2417503,11,2417303,27
1581848653320,4151,2417169,15,2417493,12,2417313,27
1581849013321,4151,2417169,15,2417438,14,2417299,29
1581849373322,4151,2417160,20,2417406,17,2417273,37
1581849733326,4151,2417160,20,2417411,16,2417272,36
1581850093326,4151,2417167,19,2417419,16,2417282,35
1581850453328,4151,2417124,21,2417419,16,2417252,37
1581850813329,4151,2417253,15,2417445,15,2417349,30
1581851173336,4151,2417296,17,2417254,17,2417275,34
1581851533336,4151,2417307,16,2417256,22,2417277,38
1581851893335,4151,2417335,23,2417250,21,2417294,44
1581852253337,4151,2417335,23,2417253,21,2417295,44
1581852613348,4151,2417329,24,2417277,20,2417305,44
1581852973344,4151,2417372,20,2417289,17,2417334,37
1581853333344,4151,2417364,21,2417301,18,2417335,39
1581853693346,4151,2417364,21,2417296,17,2417334,38
1581854053347,4151,2417367,16,2417296,17,2417330,33
1581854413348,4151,2417339,15,2417296,17,2417316,32
1581854773351,4151,2417315,13,2417335,14,2417325,27
1581855133352,4151,2417315,13,2417493,9,2417388,22
1581855493353,4151,2417224,7,2417500,10,2417386,17
1581855853355,4151,2417229,8,2417510,10,2417385,18
1581856213360,4151,2417264,9,2417497,8,2417374,17
1581856573362,4151,2417340,13,2417441,17,2417398,30
1581856933360,4151,2417380,15,2417418,19,2417402,34
1581857293362,4151,2417372,16,2417423,20,2417400,36
1581857653363,4151,2417372,16,2417430,22,2417405,38
1581858013364,4151,2417393,14,2417438,24,2417421,38
1581858373366,4151,2416738,22,2417394,38,2417154,60
1581858733369,4151,2416257,32,2417367,44,2416899,76
1581859093376,4151,2416419,37,2417315,49,2416929,86
1581859453374,4151,2416395,36,2417310,48,2416918,84
1581859813374,4151,2416094,41,2417315,49,2416759,90
1581860173376,4151,2415116,40,2417296,41,2416219,81
1581860533378,4151,2414774,39,2417292,40,2416049,79
1581860893378,4151,2414709,38,2417238,44,2416066,82
1581861253382,4151,2414537,39,2416760,98,2416127,137
1581861613380,4151,2414401,41,2416729,98,2416042,139
1581861973383,4151,2416088,89,2416628,84,2416350,173
1581862333383,4151,2416200,79,2416576,79,2416388,158
1581862693384,4151,2416092,74,2416555,75,2416325,149
1581863053385,4151,2416092,74,2416555,75,2416325,149
1581863413386,4151,2416215,67,2416533,73,2416381,140
1581863773388,4151,2416709,64,2416511,72,2416604,136
1581864133388,4151,2416860,62,2416490,70,2416664,132
1581864493390,4151,2416772,64,2416462,65,2416616,129
1581864853393,4151,2416894,66,2416662,13,2416856,79
1581865213395,4151,2417041,65,2416793,12,2417003,77
1581865573406,4151,2415611,9,2416799,15,2416354,24
1581865933406,4151,2415831,12,2416767,13,2416318,25
1581866293407,4151,2415878,12,2416726,13,2416319,25
1581866653408,4151,2414386,15,2416705,14,2415506,29
1581867013408,4151,2414404,16,2416705,14,2415478,30
1581867373410,4151,2414513,20,2416675,19,2415566,39
1581867733416,4151,2414424,23,2416675,19,2415443,42
1581868093418,4151,2414480,24,2416731,22,2415557,46
1581868453418,4151,2414217,22,2416911,20,2415500,42
1581868813420,4151,2414124,21,2416955,20,2415505,41
1581869173424,4151,2414360,26,2416059,29,2415256,55
1581869533422,4151,2414082,23,2416056,32,2415231,55
1581869893425,4151,2414328,27,2416022,31,2415233,58
1581870253428,4151,2415200,27,2415998,32,2415633,59
1581870613427,4151,2415168,27,2415992,34,2415627,61
1581870973429,4151,2414771,23,2415567,37,2415262,60
1581871333432,4151,2414912,20,2415567,37,2415337,57
1581871693431,4151,2414421,18,2415421,35,2415081,53
1581872053435,4151,2413905,19,2415250,36,2414786,55
1581872413436,4151,2413941,21,2415251,39,2414792,60
1581872773436,4151,2413408,27,2415356,29,2414417,56
1581873133437,4151,2413108,28,2415211,25,2414100,53
1581873493438,4151,2412983,29,2414940,30,2413978,59
1581873853440,4151,2412604,26,2414914,30,2413841,56
1581874213447,4151,2412303,26,2414855,30,2413670,56
1581874573448,4151,2411775,36,2412652,40,2412236,76
1581874933448,4151,2411892,38,2412735,44,2412345,82
1581875293450,4151,2412074,37,2412683,43,2412401,80
1581875653456,4151,2412263,40,2412572,42,2412421,82
1581876013454,4151,2411817,47,2412439,44,2412118,91
1581876373459,4151,2410769,38,2412281,43,2411572,81
1581876733457,4151,2410365,39,2412354,45,2411431,84
1581877093458,4151,2407452,37,2409388,43,2408493,80
1581877453459,4151,2407532,38,2409366,43,2408506,81
1581877813462,4151,2408505,44,2409975,50,2409287,94
1581878173463,4151,2410341,57,2410835,77,2410625,134
1581878533464,4151,2410465,59,2410759,78,2410632,137
1581878893466,4151,2411346,82,2410840,80,2411096,162
1581879253468,4151,2411211,81,2410759,86,2410978,167
1581879613468,4151,2411279,77,2410679,94,2410949,171
1581879973470,4151,2411409,78,2410789,99,2411062,177
1581880333471,4151,2411639,82,2410755,102,2411149,184
1581880693473,4151,2412661,86,2411806,104,2412193,190
1581881053473,4151,2412620,88,2411825,108,2412182,196
1581881413473,4151,2412476,84,2411742,101,2412075,185
1581881773476,4151,2411972,64,2412018,57,2411994,121
1581882133485,4151,2411658,64,2412035,52,2411827,116
1581882493483,4151,2410546,42,2411977,51,2411331,93
1581882853485,4151,2410485,39,2412162,47,2411401,86
1581883213488,4151,2410451,35,2412489,34,2411455,69
1581883573489,4151,2410649,33,2412603,30,2411580,63
1581883933492,4151,2410663,31,2412223,36,2411501,67
1581884293490,4151,2410895,27,2412764,35,2411950,62
1581884653493,4151,2411424,28,2412749,31,2412120,59
1581885013498,4151,2411939,32,2412023,41,2411987,73
1581885373502,4151,2412727,55,2411404,58,2412048,113
1581885733501,4151,2413021,57,2411295,73,2412052,130
1581886093501,4151,2413063,61,2411340,74,2412118,135
1581886453503,4151,2412873,67,2411404,75,2412097,142
1581886813502,4151,2412748,71,2411450,77,2412073,148
1581887173504,4151,2412685,72,2411501,80,2412062,152
1581887533506,4151,2412708,69,2411655,70,2412178,139
1581887893511,4151,2412627,66,2411556,68,2412083,134
1581888253510,4151,2412514,63,2411567,68,2412022,131
1581888613512,4151,2412386,57,2411744,58,2412062,115
1581888973513,4151,2411491,33,2412456,39,2412014,72
1581889333514,4151,2411413,30,2413742,28,2412537,58
1581889693517,4151,2411406,27,2413890,27,2412648,54
1581890053517,4151,2411832,22,2414207,25,2413096,47
1581890413516,4151,2412443,19,2414246,24,2413449,43
1581890773518,4151,2412455,21,2414498,25,2413565,46
1581891133519,4151,2412614,23,2414478,25,2413585,48
1581891493522,4151,2412607,25,2414643,25,2413625,50
1581891853523,4151,2413043,37,2414620,28,2413722,65
1581892213528,4151,2413046,39,2414701,27,2413723,66
1581892573526,4151,2413157,39,2414615,30,2413791,69
1581892933531,4151,2413091,37,2414467,28,2413684,65
1581893293531,4151,2412975,36,2414356,28,2413579,64
1581893653531,4151,2413003,34,2414389,26,2413604,60
1581894013535,4151,2412851,34,2414473,25,2413538,59
1581894373542,4151,2413109,32,2414504,22,2413677,54
1581894733539,4151,2413172,29,2414538,22,2413761,51
1581895093540,4151,2413214,28,2414536,20,2413765,48
1581895453541,4151,2412659,16,2414603,17,2413661,33
1581895813542,4151,2412721,14,2414627,19,2413818,33
1581896173544,4151,2412875,18,2414774,16,2413768,34
1581896533546,4151,2412904,18,2414832,14,2413748,32
1581896893547,4151,2412915,18,2414840,14,2413757,32
1581897253548,4151,2412925,20,2414829,14,2413709,34
1581897613548,4151,2413015,18,2414799,13,2413763,31
1581897973556,4151,2413056,17,2414790,11,2413737,28
1581898333557,4151,2413081,24,2414637,15,2413680,39
1581898693556,4151,2413087,24,2414616,15,2413675,39
1581899053558,4151,2413095,25,2414586,15,2413654,40
1581899413560,4151,2413100,26,2414433,15,2413588,41
1581899773562,4151,2413105,19,2414322,21,2413744,40
1581900133566,4151,2413112,19,2414295,26,2413796,45
1581900493567,4151,2413128,20,2414274,25,2413764,45
1581900853569,4151,2413141,18,2414250,24,2413775,42
1581901213570,4151,2413154,21,2414218,26,2413743,47
1581901573573,4151,2413158,21,2414196,28,2413751,49
1581901933573,4151,2413375,16,2414318,26,2413958,42
1581902293574,4151,2413814,18,2414322,25,2414109,43
1581902653580,4151,2414263,20,2414690,26,2414504,46
1581903013588,4151,2414369,21,2414777,23,2414582,44
1581903373585,4151,2414193,26,2415023,18,2414532,44
1581903733590,4151,2414235,25,2415334,14,2414630,39
1581904093590,4151,2414326,23,2415325,15,2414720,38
1581904453590,4151,2414321,24,2415234,19,2414724,43
1581904813591,4151,2414546,31,2415007,28,2414765,59
1581905173592,4151,2414727,41,2415288,27,2414950,68
1581905533595,4151,2414764,39,2415274,26,2414968,65
1581905893594,4151,2414654,39,2415276,27,2414908,66
1581906253596,4151,2414531,37,2415054,27,2414752,64
1581906613606,4151,2414575,36,2415091,29,2414805,65
1581906973598,4151,2414822,39,2415030,41,2414929,80
1581907333600,4151,2414822,39,2415024,44,2414929,83
1581907693601,4151,2414690,43,2415019,45,2414858,88
1581908053602,4151,2414702,42,2415007,42,2414854,84
1581908413603,4151,2414668,33,2415098,34,2414886,67
1581908773604,4151,2414136,22,2414890,33,2414588,55
1581909133607,4151,2414122,21,2414832,32,2414551,53
1581909493607,4151,2412924,22,2414816,31,2414030,53
1581909853608,4151,2412766,20,2414641,29,2413876,49
1581910213609,4151,2412533,18,2414428,29,2413702,47
1581910573611,4151,2409864,15,2413888,18,2412059,33
1581910933618,4151,2410068,16,2413647,17,2411912,33
1581911293619,4151,2407557,17,2413466,15,2410327,32
1581911653625,4151,2406867,19,2413428,14,2409650,33
1581912013623,4151,2406363,23,2413466,15,2409167,38
1581912373626,4151,2406128,23,2413465,15,2409025,38
1581912733627,4151,2406128,23,2413427,14,2408890,37
1581913093628,4151,2405771,19,2413399,15,2409136,34
1581913453632,4151,2405800,20,2413496,15,2409099,35
1581913813630,4151,2405800,20,2413650,13,2408892,33
1581914173631,4151,2404867,15,2414121,12,2408980,27
1581914533644,4151,2404277,14,2414435,10,2408509,24
1581914893642,4151,2404588,10,2413956,12,2409698,22
1581915253644,4151,2408468,12,2410042,24,2409517,36
1581915613644,4151,2410717,8,2409477,21,2409819,29
1581915973647,4151,2413881,28,2407833,42,2410252,70
1581916333651,4151,2413991,35,2408102,46,2410647,81
1581916693649,4151,2413684,38,2408037,46,2410592,84
1581917053650,4151,2413882,37,2407990,46,2410617,83
1581917413653,4151,2413041,40,2408197,49,2410374,89
1581917773653,4151,2412465,44,2408480,53,2410288,97
1581918133655,4151,2411807,46,2408291,55,2409892,101
1581918493656,4151,2412043,46,2407789,57,2409689,103
1581918853657,4151,2411541,43,2408233,45,2409849,88
1581919213659,4151,2411541,43,2408380,46,2409907,89
1581919573660,4151,2409677,24,2410058,23,2409864,47
1581919933661,4151,2408005,18,2409876,19,2408966,37
1581920293669,4151,2407585,15,2410133,20,2409041,35
1581920653672,4151,2407173,16,2409977,22,2408796,38
1581921013674,4151,2408278,15,2409756,19,2409104,34
1581921373673,4151,2411810,23,2410412,25,2411082,48
1581921733675,4151,2412830,25,2410487,25,2411659,50
1581922093680,4151,2412297,25,2411954,21,2412140,46
1581922453677,4151,2411514,35,2410664,32,2411108,67
1581922813678,4151,2411538,37,2410594,32,2411100,69
1581923173681,4151,2410804,35,2410359,31,2410595,66
1581923533682,4151,2410686,35,2410348,32,2410525,67
1581923893681,4151,2410674,36,2410241,31,2410474,67
1581924253684,4151,2410951,35,2410490,30,2410738,65
1581924613685,4151,2411087,33,2410563,31,2410833,64
1581924973684,4151,2409124,21,2409386,20,2409252,41
1581925333686,4151,2408695,17,2409554,17,2409124,34
1581925693688,4151,2408946,17,2409739,18,2409354,35
1581926053689,4151,2409418,6,2412155,7,2410892,13
1581926413690,4151,2408151,4,2412152,8,2410819,12
1581926773690,4151,2410183,6,2411407,11,2410975,17
1581927133692,4151,2410471,5,2410837,15,2410746,20
1581927493692,4151,2410523,4,2410140,29,2410187,33
1581927853694,4151,2410523,4,2409936,32,2410001,36
1581928213694,4151,2409906,5,2409866,32,2409871,37
1581928573698,4151,2409066,18,2409866,32,2409578,50
1581928933698,4151,2409029,23,2409858,33,2409517,56
1581929293699,4151,2408866,23,2409763,32,2409388,55
1581929653700,4151,2408946,25,2409744,34,2409406,59
1581930013701,4151,2408946,25,2409575,32,2409299,57
1581930373704,4151,2408652,22,2409763,30,2409293,52
1581930733703,4151,2408728,24,2409863,27,2409329,51
1581931093704,4151,2408822,27,2409841,18,2409230,45
1581931453704,4151,2408898,30,2409501,22,2409153,52
1581931813708,4151,2409096,38,2409523,23,2409257,61
1581932173709,4151,2409280,25,2409523,23,2409396,48
1581932533709,4151,2409376,20,2409519,22,2409451,42
1581932893710,4151,2409605,19,2409571,24,2409586,43
1581933253712,4151,2409531,18,2409561,24,2409548,42
1581933613712,4151,2409531,18,2409561,24,2409548,42
1581933973713,4151,2409509,36,2409331,38,2409418,74
1581934333714,4151,2409505,34,2409320,37,2409409,71
1581934693714,4151,2409500,33,2409392,31,2409448,64
1581935053715,4151,2409493,30,2409580,23,2409531,53
1581935413718,4151,2409458,21,2409517,21,2409487,42
1581935773718,4151,2409031,23,2409559,23,2409295,46
1581936133718,4151,2408751,27,2409464,28,2409114,55
1581936493719,4151,2408786,29,2409434,27,2409098,56
1581936853720,4151,2408786,28,2409442,25,2409096,53
1581937213721,4151,2408786,28,2409464,26,2409113,54
1581937573722,4151,2407651,11,2409538,15,2408740,26
1581937933725,4151,2407726,12,2409309,21,2408734,33
1581938293723,4151,2407367,10,2409314,22,2408706,32
1581938653724,4151,2405750,12,2409266,21,2407987,33
1581939013726,4151,2405750,12,2409072,22,2407900,34
1581939373726,4151,2405989,10,2408979,20,2407983,30
1581939733727,4151,2405223,6,2408963,15,2407895,21
1581940093729,4151,2403201,4,2408786,15,2407610,19
1581940453728,4151,2403201,4,2408786,15,2407610,19
1581940813730,4151,2403201,4,2408661,16,2407569,20
1581941173730,4151,2401293,3,2408417,13,2407081,16
1581941533731,4151,2401248,3,2407708,6,2405555,9
1581941893734,4151,2401248,3,2407365,5,2405071,8
1581942253734,4151,2407775,11,2407580,6,2407706,17
1581942613736,4151,2407810,10,2408096,5,2407905,15
1581942973737,4151,2406908,12,2408096,5,2407257,17
1581943333739,4151,2406533,13,2407869,6,2406955,19
1581943693739,4151,2406583,15,2407670,7,2406929,22
1581944053740,4151,2406583,15,2407670,7,2406929,22
1581944413740,4151,2406556,19,2407315,10,2406818,29
1581944773741,4151,2407184,36,2407067,28,2407133,64
1581945133741,4151,2407158,43,2407047,32,2407110,75
1581945493744,4151,2407078,49,2407110,34,2407091,83
1581945853744,4151,2406626,43,2407104,34,2406837,77
1581946213746,4151,2406631,47,2407104,34,2406830,81
1581946573746,4151,2406721,48,2407136,35,2406896,83
1581946933749,4151,2406808,48,2407207,36,2406979,84
1581947293752,4151,2406791,47,2407282,36,2407004,83
1581947653752,4151,2406791,47,2407314,37,2407021,84
1581948013753,4151,2406822,43,2406862,61,2406846,104
1581948373754,4151,2406653,40,2406842,47,2406755,87
1581948733755,4151,2406870,42,2406836,43,2406853,85
1581949093757,4151,2407124,44,2406773,41,2406955,85
1581949453756,4151,2407076,47,2406731,40,2406918,87
1581949813758,4151,2407165,43,2406744,41,2406959,84
1581950173758,4151,2407123,44,2406707,40,2406925,84
1581950533760,4151,2407143,43,2406702,40,2406931,83
1581950893760,4151,2407139,43,2406692,40,2406924,83
1581951253761,4151,2407139,43,2406656,40,2406906,83
1581951613764,4151,2407034,46,2407456,11,2407116,57
1581951973763,4151,2406680,35,2407772,8,2406883,43
1581952333764,4151,2406214,29,2407805,9,2406590,38
1581952693769,4151,2405576,22,2407805,9,2406223,31
1581953053767,4151,2405984,16,2407805,9,2406640,25
1581953413768,4151,2405960,14,2406941,20,2406537,34
1581953773768,4151,2406966,30,2406730,33,2406842,63
1581954133769,4151,2406935,31,2406556,45,2406711,76
1581954493770,4151,2407246,36,2406443,55,2406761,91
1581954853772,4151,2407221,40,2406457,55,2406779,95
1581955213772,4151,2407321,39,2406481,56,2406826,95
1581955573772,4151,2407256,56,2406475,57,2406862,113
1581955933774,4151,2407307,52,2406446,56,2406861,108
1581956293775,4151,2407309,52,2406492,58,2406878,110
1581956653775,4151,2407296,53,2406492,58,2406876,111
1581957013779,4151,2407308,54,2406431,57,2406857,111
1581957373777,4151,2407106,39,2406607,34,2406874,73
1581957733779,4151,2407108,40,2406772,20,2406996,60
1581958093780,4151,2406837,36,2407509,9,2406971,45
1581958453781,4151,2406851,34,2407482,9,2406983,43
1581958813782,4151,2406798,35,2407501,11,2406966,46
1581959173785,4151,2406744,19,2407471,11,2407010,30
1581959533784,4151,2406728,20,2407415,12,2406985,32
1581959893789,4151,2406738,19,2407353,21,2407061,40
1581960253789,4151,2406728,19,2407353,21,2407056,40
1581960613790,4151,2406696,19,2407353,21,2407041,40
1581960973791,4151,2406658,21,2407362,20,2407002,41
1581961333796,4151,2406666,19,2407357,21,2407029,40
1581961693793,4151,2406611,21,2407343,21,2406977,42
1581962053794,4151,2406584,19,2407334,20,2406968,39
1581962413794,4151,2406594,19,2407276,18,2406926,37
1581962773795,4151,2406454,17,2407307,15,2406854,32
1581963133796,4151,2406455,16,2407343,14,2406870,30
1581963493800,4151,2406462,17,2407274,5,2406647,22
1581963853799,4151,2406466,18,2407274,5,2406642,23
1581964213799,4151,2406475,18,2407233,9,2406728,27
1581964573806,4151,2406477,15,2407231,10,2406778,25
1581964933809,4151,2406483,16,2407206,10,2406761,26
1581965293806,4151,2406486,12,2407196,11,2406826,23
1581965653808,4151,2406493,12,2407191,15,2406881,27
1581966013808,4151,2406491,12,2407180,17,2406895,29
1581966373810,4151,2406554,10,2407176,20,2406969,30
1581966733810,4151,2406565,12,2407176,20,2406947,32
1581967093811,4151,2406572,12,2407161,19,2406933,31
1581967453813,4151,2406583,11,2407157,24,2406977,35
1581967813814,4151,2406599,10,2407153,21,2406974,31
1581968173816,4151,2406629,12,2407155,23,2406975,35
1581968533816,4151,2406633,11,2407155,24,2406991,35
1581968893817,4151,2406649,13,2407151,22,2406965,35
1581969253817,4151,2406681,18,2407147,19,2406920,37
1581969613817,4151,2406699,19,2407151,18,2406919,37
1581969973818,4151,2406708,22,2407156,18,2406910,40
1581970333819,4151,2406717,20,2407157,19,2406931,39
1581970693819,4151,2406730,21,2407156,19,2406932,40
1581971053821,4151,2406742,22,2407143,16,2406911,38
1581971413824,4151,2406744,22,2407117,17,2406906,39
1581971773822,4151,2406750,19,2407049,19,2406899,38
1581972133825,4151,2406745,21,2407020,20,2406879,41
1581972493825,4151,2406743,21,2407020,20,2406879,41
1581972853826,4151,2406738,16,2407010,20,2406889,36
1581973213827,4151,2406736,14,2406989,19,2406881,33
1581973573829,4151,2406730,12,2406951,19,2406865,31
1581973933828,4151,2406727,13,2406941,21,2406859,34
1581974293830,4151,2406708,12,2406936,24,2406860,36
1581974653830,4151,2406691,11,2406931,23,2406854,34
1581975013834,4151,2406692,12,2406935,23,2406852,35
1581975373832,4151,2406694,14,2406950,21,2406847,35
1581975733833,4151,2406694,13,2406962,18,2406849,31
1581976093834,4151,2406694,13,2406962,19,2406853,32
1581976453835,4151,2406695,11,2406962,18,2406860,29
1581976813835,4151,2406695,13,2406963,18,2406851,31
1581977173837,4151,2406698,12,2406969,18,2406860,30
1581977533837,4151,2406698,12,2406971,17,2406858,29
1581977893839,4151,2406699,13,2406992,15,2406856,28
1581978253839,4151,2405444,16,2406993,14,2406167,30
1581978613840,4151,2405264,14,2406998,13,2406099,27
1581978973841,4151,2404637,13,2407075,15,2405943,28
1581979333842,4151,2403435,17,2406729,18,2405129,35
1581979693843,4151,2403139,17,2406695,21,2405104,38
1581980053844,4151,2403367,21,2406666,24,2405127,45
1581980413844,4151,2404049,29,2406578,32,2405375,61
1581980773845,4151,2404047,29,2406546,31,2405338,60
1581981133846,4151,2403982,29,2406518,29,2405250,58
1581981493851,4151,2403886,30,2406525,29,2405183,59
1581981853850,4151,2404248,27,2406555,34,2405534,61
1581982213853,4151,2404289,29,2406499,36,2405513,65
1581982573853,4151,2404482,32,2406793,35,2405689,67
1581982933854,4151,2405130,28,2407039,33,2406163,61
1581983293856,4151,2405258,27,2407098,29,2406211,56
1581983653859,4151,2405419,23,2407312,27,2406441,50
1581984013858,4151,2404943,14,2407775,18,2406536,32
1581984373858,4151,2404810,13,2407813,17,2406512,30
1581984733859,4151,2404800,13,2407745,18,2406510,31
1581985093866,4151,2404756,12,2407694,18,2406519,30
1581985453866,4151,2404750,11,2408066,13,2406546,24
1581985813867,4151,2404731,9,2408385,11,2406741,20
1581986173867,4151,2404708,5,2407406,9,2406442,14
1581986533868,4151,2404622,4,2407144,8,2406303,12
1581986893869,4151,2404622,4,2407173,9,2406388,13
1581987253870,4151,2404622,4,2407173,9,2406388,13
1581987613871,4151,2404738,4,2406775,9,2406148,13
1581987973872,4151,2404861,6,2407013,13,2406333,19
1581988333873,4151,2405003,7,2407058,13,2406339,20
1581988693874,4151,2405010,7,2406907,12,2406208,19
1581989053874,4151,2405869,13,2406406,17,2406173,30
1581989413877,4151,2405864,15,2406376,21,2406162,36
1581989773877,4151,2405823,16,2406294,19,2406078,35
1581990133878,4151,2405764,18,2406362,21,2406086,39
1581990493878,4151,2405764,18,2406366,22,2406095,40
1581990853881,4151,2405791,20,2406353,22,2406085,42
1581991213883,4151,2405826,19,2406385,23,2406132,42
1581991573883,4151,2405855,18,2406214,20,2406044,38
1581991933883,4151,2405930,16,2406163,19,2406057,35
1581992293884,4151,2406100,16,2406320,20,2406222,36
1581992653886,4151,2405673,12,2406563,16,2406182,28
1581993013886,4151,2405641,10,2406784,13,2406287,23
1581993373887,4151,2405738,11,2406801,12,2406292,23
1581993733887,4151,2405815,11,2406824,13,2406362,24
1581994093889,4151,2405847,15,2406634,14,2406227,29
1581994453890,4151,2405854,16,2406530,16,2406192,32
1581994813890,4151,2406001,21,2406532,30,2406313,51
1581995173894,4151,2406140,27,2406528,37,2406364,64
1581995533895,4151,2406159,30,2406856,41,2406561,71
1581995893895,4151,2406208,34,2406909,38,2406578,72
1581996253896,4151,2406224,34,2406922,40,2406601,74
1581996613899,4151,2406224,34,2406922,40,2406601,74
1581996973897,4151,2406280,34,2406889,42,2406617,76
1581997333900,4151,2406311,33,2406841,43,2406611,76
1581997693901,4151,2406394,32,2406934,43,2406704,75
1581998053903,4151,2406430,30,2407137,42,2406843,72
1581998413903,4151,2406419,26,2407452,27,2406945,53
1581998773904,4151,2406704,23,2407743,25,2407245,48
1581999133904,4151,2406764,22,2407312,22,2407038,44
1581999493906,4151,2406850,20,2407333,23,2407109,43
1581999853915,4151,2406928,19,2407370,22,2407165,41
1582000213908,4151,2406910,20,2407421,25,2407194,45
1582000573908,4151,2406914,20,2407761,26,2407393,46
1582000933910,4151,2407051,21,2407994,22,2407533,43
1582001293912,4151,2407107,19,2408291,20,2407714,39
1582001653912,4151,2407144,19,2408083,18,2407601,37
1582002013914,4151,2406966,20,2408233,16,2407529,36
1582002373915,4151,2407525,23,2408547,13,2407894,36
1582002733916,4151,2407549,23,2408501,14,2407909,37
1582003093917,4151,2407746,19,2408507,14,2408069,33
1582003453918,4151,2408205,22,2408810,15,2408451,37
1582003813921,4151,2407584,24,2408916,13,2408052,37
1582004173919,4151,2407618,24,2408871,10,2407986,34
1582004533921,4151,2407583,22,2408735,12,2407989,34
1582004893921,4151,2407585,24,2408239,13,2407815,37
1582005253924,4151,2407609,23,2408239,13,2407837,36
1582005613923,4151,2407725,19,2408315,15,2407985,34
1582005973924,4151,2407133,14,2408371,12,2407704,26
1582006333925,4151,2407205,15,2408370,13,2407746,28
1582006693926,4151,2407346,18,2408312,14,2407769,32
1582007053928,4151,2406720,17,2408003,13,2407276,30
1582007413928,4151,2407518,16,2408074,12,2407757,28
1582007773932,4151,2407496,27,2408011,19,2407709,46
1582008133934,4151,2407489,28,2408006,18,2407691,46
1582008493939,4151,2407497,25,2408114,16,2407738,41
1582008853937,4151,2407497,25,2408114,16,2407738,41
1582009213938,4151,2407486,26,2408014,14,2407670,40
1582009573941,4151,2407479,26,2408043,19,2407717,45
1582009933940,4151,2407449,25,2408043,19,2407705,44
1582010293943,4151,2407367,22,2408089,18,2407692,40
1582010653942,4151,2407379,20,2408063,17,2407693,37
1582011013944,4151,2407414,18,2408063,17,2407729,35
1582011373945,4151,2408104,9,2408008,11,2408051,20
1582011733945,4151,2408208,8,2408009,10,2408097,18
1582012093946,4151,2408138,9,2408009,10,2408070,19
1582012453947,4151,2408048,10,2407988,11,2408017,21
1582012813948,4151,2408143,9,2407995,12,2408058,21
1582013173949,4151,2408150,15,2407765,17,2407946,32
1582013533950,4151,2408157,16,2407717,15,2407944,31
1582013893952,4151,2408157,16,2407679,14,2407934,30
1582014253952,4151,2408187,15,2407702,15,2407944,30
1582014613952,4151,2408147,16,2407722,16,2407935,32
1582014973954,4151,2407809,13,2407774,15,2407790,28
1582015333958,4151,2407312,14,2407788,16,2407566,30
1582015693956,4151,2406831,14,2407788,16,2407341,30
1582016053957,4151,2406799,13,2407816,18,2407390,31
1582016413958,4151,2406337,10,2407866,12,2407171,22
1582016773959,4151,2405616,7,2407984,8,2406879,15
1582017133960,4151,2404754,5,2407984,8,2406742,13
1582017493962,4151,2404754,5,2407913,9,2406784,14
1582017853961,4151,2404754,5,2407899,8,2406689,13
1582018213964,4151,2405004,6,2407882,7,2406554,13
1582018573965,4151,2404796,6,2407478,8,2406328,14
1582018933965,4151,2405677,6,2407402,7,2406606,13
1582019293966,4151,2405536,6,2407402,7,2406541,13
1582019653975,4151,2405536,6,2407083,6,2406309,12
1582020013971,4151,2405284,6,2407018,7,2406217,13
1582020373979,4151,2405390,7,2407018,7,2406204,14
1582020733977,4151,2405399,8,2407018,7,2406154,15
1582021093980,4151,2405740,11,2406997,7,2406229,18
1582021453980,4151,2405740,11,2406997,7,2406229,18
1582021813986,4151,2405526,10,2406997,7,2406132,17
1582022173982,4151,2405488,10,2407262,5,2406079,15
1582022533983,4151,2405457,10,2407254,6,2406131,16
1582022893988,4151,2406063,9,2407212,8,2406604,17
1582023253986,4151,2406063,9,2407191,6,2406514,15
1582023613985,4151,2406353,10,2406698,7,2406495,17
1582023973986,4151,2406354,10,2406698,7,2406496,17
1582024333988,4151,2406362,10,2406782,8,2406549,18
1582024693988,4151,2406238,7,2406723,7,2406480,14
1582025053989,4151,2406132,9,2406723,7,2406390,16
1582025413992,4151,2406110,9,2406723,7,2406378,16
1582025773991,4151,2406208,9,2406677,8,2406429,17
1582026133993,4151,2406097,12,2406600,7,2406282,19
1582026493993,4151,2406097,12,2406527,6,2406240,18
1582026853994,4151,2406069,13,2406527,6,2406213,19
1582027213995,4151,2405852,11,2406955,3,2406088,14
1582027573995,4151,2405973,12,2406656,5,2406174,17
1582027933998,4151,2405990,12,2406478,4,2406112,16
1582028294000,4151,2405990,12,2406478,4,2406112,16
1582028653999,4151,2406022,11,2406478,4,2406143,15
1582029013999,4151,2406054,12,2406661,4,2406206,16
1582029374000,4151,2405995,11,2406726,5,2406224,16
1582029734001,4151,2406121,7,2406726,5,2406373,12
1582030094002,4151,2406101,9,2408327,7,2407075,16
1582030454005,4151,2408711,15,2406765,22,2407554,37
1582030814005,4151,2408569,16,2406765,22,2407525,38
1582031174006,4151,2408445,18,2406910,23,2407584,41
1582031534007,4151,2408604,17,2406910,23,2407630,40
1582031894008,4151,2408641,20,2406959,24,2407723,44
1582032254009,4151,2408786,19,2406959,24,2407766,43
1582032614013,4151,2408786,19,2407011,24,2407796,43
1582032974012,4151,2408912,19,2407069,24,2407883,43
1582033334013,4151,2408754,21,2407114,25,2407862,46
1582033694013,4151,2408901,21,2406785,23,2407794,44
1582034054019,4151,2407531,14,2408389,9,2407867,23
1582034414021,4151,2407615,13,2408889,14,2408276,27
1582034774024,4151,2407594,13,2409077,12,2408306,25
1582035134024,4151,2407594,13,2408976,14,2408311,27
1582035494026,4151,2407269,11,2409066,14,2408276,25
1582035854025,4151,2407319,12,2409066,14,2408260,26
1582036214029,4151,2407357,13,2409122,13,2408239,26
1582036574028,4151,2407373,11,2409177,14,2408383,25
1582036934032,4151,2407601,21,2409252,13,2408232,34
1582037294030,4151,2407607,20,2409218,13,2408242,33
1582037654035,4151,2407607,20,2409153,12,2408187,32
1582038014035,4151,2407607,20,2408698,7,2407890,27
1582038374035,4151,2407762,19,2409240,9,2408237,28
1582038734038,4151,2407762,19,2409380,9,2408282,28
1582039094037,4151,2407778,19,2409385,8,2408255,27
1582039454039,4151,2407786,19,2409385,8,2408260,27
1582039814040,4151,2407786,19,2410453,9,2408643,28
1582040174040,4151,2408893,23,2413757,11,2410467,34
1582040534043,4151,2410368,12,2414152,12,2412260,24
1582040894042,4151,2410562,12,2415151,15,2413112,27
1582041254045,4151,2410362,13,2415151,15,2412928,28
1582041614044,4151,2410232,15,2414852,16,2412617,31
1582041974048,4151,2410846,12,2414592,21,2413230,33
1582042334046,4151,2410846,12,2414366,23,2413159,35
1582042694048,4151,2411096,11,2414225,24,2413242,35
1582043054049,4151,2411363,11,2414225,24,2413326,35
1582043414050,4151,2411391,12,2413765,26,2413016,38
1582043774053,4151,2411549,11,2412760,24,2412379,35
1582044134054,4151,2411491,13,2412881,26,2412418,39
1582044494054,4151,2411518,14,2412379,23,2412053,37
1582044854054,4151,2411837,14,2412530,24,2412274,38
1582045214055,4151,2412245,12,2412789,24,2412608,36
1582045574059,4151,2412280,15,2413438,18,2412912,33
1582045934057,4151,2412289,16,2414279,14,2413218,30
1582046294060,4151,2412257,18,2414532,13,2413211,31
1582046654059,4151,2412318,18,2414532,13,2413246,31
1582047014060,4151,2412358,18,2414971,12,2413403,30
1582047374061,4151,2412042,18,2415473,11,2413343,29
1582047734063,4151,2412101,16,2415378,8,2413193,24
1582048094063,4151,2412513,17,2415278,8,2413397,25
1582048454063,4151,2412532,17,2415175,7,2413303,24
1582048814065,4151,2412555,19,2414925,9,2413317,28
1582049174068,4151,2413059,20,2414479,17,2413712,37
1582049534067,4151,2413093,19,2414479,17,2413748,36
1582049894071,4151,2413150,19,2414652,18,2413881,37
1582050254071,4151,2413179,20,2414433,24,2413863,44
1582050614074,4151,2413202,20,2414254,30,2413833,50
1582050974073,4151,2413327,20,2414522,33,2414071,53
1582051334074,4151,2413346,21,2414927,39,2414374,60
1582051694075,4151,2413295,18,2414850,39,2414359,57
1582052054076,4151,2413453,19,2415092,45,2414605,64
1582052414077,4151,2413440,20,2415432,45,2414819,65
1582052774079,4151,2413250,21,2415811,37,2414884,58
1582053134080,4151,2413281,24,2415886,39,2414894,63
1582053494084,4151,2413366,23,2415843,39,2414924,62
1582053854083,4151,2413443,23,2416051,39,2415084,62
1582054214086,4151,2413818,29,2416060,42,2415144,71
1582054574085,4151,2414537,39,2415719,49,2415195,88
1582054934086,4151,2414767,39,2415481,45,2415149,84
1582055294087,4151,2414790,42,2415487,45,2415151,87
1582055654091,4151,2414791,41,2415354,41,2415073,82
1582056014088,4151,2414940,38,2415024,40,2414983,78
1582056374091,4151,2415044,35,2414989,41,2415014,76
1582056734091,4151,2415119,33,2414901,40,2414999,73
1582057094092,4151,2415093,33,2415130,45,2415114,78
1582057454092,4151,2415159,32,2415176,40,2415168,72
1582057814098,4151,2415181,27,2415635,31,2415424,58
1582058174096,4151,2414627,16,2416184,23,2415545,39
1582058534096,4151,2413369,24,2416330,21,2414751,45
1582058894097,4151,2413112,22,2416522,22,2414817,44
1582059254100,4151,2414452,42,2415105,33,2414739,75
1582059614099,4151,2414708,52,2415047,37,2414849,89
1582059974101,4151,2414813,63,2414147,50,2414518,113
1582060334101,4151,2414791,66,2414075,52,2414475,118
1582060694102,4151,2414811,67,2412618,55,2413822,122
1582061054103,4151,2414815,66,2412673,56,2413831,122
1582061414105,4151,2414772,67,2412560,55,2413775,122
1582061774104,4151,2414665,66,2412492,56,2413667,122
1582062134108,4151,2415152,55,2412488,60,2413762,115
1582062494107,4151,2415060,57,2412353,59,2413683,116
1582062854109,4151,2414600,36,2412202,46,2413255,82
1582063214109,4151,2414110,27,2411553,38,2412615,65
1582063574113,4151,2413143,16,2411331,24,2412056,40
1582063934110,4151,2412869,14,2411600,20,2412123,34
1582064294113,4151,2412594,12,2413878,14,2413286,26
1582064654113,4151,2412580,13,2413803,15,2413235,28
1582065014118,4151,2412722,11,2413545,12,2413151,23
1582065374116,4151,2412722,11,2413527,13,2413158,24
1582065734120,4151,2412775,16,2413657,14,2413186,30
1582066094117,4151,2412726,18,2413753,15,2413193,33
1582066454118,4151,2412714,20,2413960,19,2413321,39
1582066814119,4151,2412731,22,2413992,20,2413332,42
1582067174120,4151,2412720,27,2414018,21,2413288,48
1582067534120,4151,2412719,26,2414009,21,2413295,47
1582067894126,4151,2412719,26,2414032,20,2413290,46
1582068254125,4151,2412737,26,2414037,19,2413286,45
1582068614128,4151,2412764,28,2414045,20,2413297,48
1582068974130,4151,2412791,29,2414101,18,2413292,47
1582069334130,4151,2412776,25,2414526,15,2413432,40
1582069694130,4151,2412839,20,2414571,13,2413521,33
1582070054133,4151,2412882,19,2414531,17,2413661,36
1582070414132,4151,2412948,19,2414503,18,2413704,37
1582070774134,4151,2413058,13,2414492,18,2413890,31
1582071134134,4151,2413020,17,2414465,19,2413783,36
1582071494135,4151,2413018,18,2414481,18,2413749,36
1582071854136,4151,2413033,19,2414474,20,2413772,39
1582072214137,4151,2413065,18,2414477,21,2413825,39
1582072574139,4151,2413089,18,2414456,21,2413825,39
1582072934139,4151,2413094,19,2414447,21,2413804,40
1582073294145,4151,2413094,19,2414524,24,2413892,43
1582073654142,4151,2413108,19,2414500,16,2413744,35
1582074014143,4151,2413073,17,2414535,15,2413758,32
1582074374145,4151,2413078,16,2414655,16,2413867,32
1582074734146,4151,2413210,13,2414651,17,2414027,30
1582075094146,4151,2413228,12,2414641,18,2414076,30
1582075454147,4151,2413339,13,2414682,15,2414059,28
1582075814148,4151,2413479,11,2414752,14,2414192,25
1582076174150,4151,2413529,11,2414752,14,2414214,25
1582076534152,4151,2413586,11,2414785,13,2414236,24
1582076894152,4151,2413643,13,2414703,11,2414129,24
1582077254152,4151,2413658,12,2414701,12,2414179,24
1582077614153,4151,2413694,13,2414596,11,2414107,24
1582077974158,4151,2413699,14,2414631,13,2414148,27
1582078334157,4151,2413775,14,2414683,10,2414153,24
1582078694158,4151,2413775,14,2414706,9,2414139,23
1582079054159,4151,2413823,13,2414716,12,2414252,25
1582079414160,4151,2413868,16,2414716,12,2414231,28
1582079774161,4151,2413885,19,2414750,12,2414220,31
1582080134166,4151,2413891,19,2414760,11,2414210,30
1582080494167,4151,2413864,20,2414737,13,2414208,33
1582080854168,4151,2413867,21,2414742,12,2414185,33
1582081214168,4151,2413877,19,2414666,11,2414166,30
1582081574168,4151,2413882,19,2414624,10,2414138,29
1582081934170,4151,2413861,17,2414759,11,2414214,28
1582082294171,4151,2413860,19,2414720,13,2414209,32
1582082654171,4151,2413862,18,2414711,10,2414165,28
1582083014172,4151,2413859,15,2414711,10,2414200,25
1582083374174,4151,2413837,14,2414641,10,2414172,24
1582083734174,4151,2413830,14,2414641,10,2414168,24
1582084094174,4151,2413851,11,2414640,7,2414158,18
1582084454176,4151,2413847,13,2414640,7,2414125,20
1582084814176,4151,2413847,13,2414601,9,2414156,22
1582085174178,4151,2413842,14,2414536,13,2414176,27
1582085534179,4151,2413842,14,2414400,13,2414110,27
1582085894180,4151,2413839,12,2414365,14,2414122,26
1582086254182,4151,2413838,11,2414365,14,2414133,25
1582086614181,4151,2413839,10,2414358,16,2414159,26
1582086974182,4151,2413909,10,2414355,15,2414176,25
1582087334183,4151,2413922,11,2414358,16,2414180,27
1582087694186,4151,2413922,12,2414355,17,2414176,29
1582088054210,4151,2413947,11,2414355,18,2414200,29
1582088414199,4151,2413945,13,2414335,19,2414177,32
1582088774199,4151,2413968,11,2414339,16,2414188,27
1582089134199,4151,2413969,12,2414343,17,2414188,29
1582089494201,4151,2413970,14,2414350,14,2414160,28
1582089854202,4151,2413970,15,2414349,15,2414160,30
1582090214204,4151,2413987,20,2414356,17,2414157,37
1582090574204,4151,2413975,18,2414350,17,2414157,35
1582090934214,4151,2413980,16,2414352,18,2414177,34
1582091294212,4151,2413982,15,2414355,17,2414180,32
1582091654213,4151,2413983,15,2414359,17,2414183,32
1582092014214,4151,2413983,15,2414373,19,2414201,34
1582092374219,4151,2413915,16,2414754,17,2414347,33
1582092734217,4151,2413847,16,2414792,17,2414334,33
1582093094221,4151,2413828,14,2414673,21,2414335,35
1582093454219,4151,2413818,13,2414690,20,2414346,33
1582093814230,4151,2413702,8,2414772,16,2414415,24
1582094174227,4151,2413765,10,2414804,15,2414389,25
1582094534227,4151,2413785,11,2414840,14,2414376,25
1582094894229,4151,2413787,11,2414840,14,2414377,25
1582095254233,4151,2413768,10,2414871,13,2414391,23
1582095614235,4151,2413800,12,2415001,10,2414346,22
1582095974236,4151,2413877,10,2414365,7,2414078,17
1582096334236,4151,2413988,9,2414234,5,2414075,14
1582096694238,4151,2413988,9,2414501,1,2414039,10
1582097054239,4151,2413988,9,2414501,1,2414039,10
1582097414243,4151,2413952,10,2414266,3,2414024,13
1582097774241,4151,2413894,9,2414266,3,2413987,12
1582098134243,4151,2413884,8,2414167,5,2413993,13
1582098494251,4151,2413873,8,2414184,7,2414018,15
1582098854253,4151,2413873,8,2414184,7,2414018,15
1582099214252,4151,2413855,7,2414187,8,2414032,15
1582099574257,4151,2413839,7,2414187,8,2414024,15
1582099934255,4151,2413839,7,2414193,9,2414038,16
1582100294266,4151,2413841,8,2414193,9,2414027,17
1582100654264,4151,2413843,9,2414199,8,2414010,17
1582101014268,4151,2413842,7,2414206,7,2414024,14
1582101374268,4151,2413866,6,2414206,7,2414049,13
1582101734270,4151,2413863,8,2414191,9,2414036,17
1582102094271,4151,2413903,8,2414180,7,2414033,15
1582102454274,4151,2413892,9,2414255,8,2414063,17
1582102814274,4151,2413903,11,2414212,10,2414050,21
1582103174279,4151,2413901,13,2414216,11,2414045,24
1582103534278,4151,2413897,14,2414213,10,2414029,24
1582103894288,4151,2413900,14,2414213,10,2414030,24
1582104254291,4151,2413903,13,2414219,11,2414048,24
1582104614293,4151,2413903,13,2414219,11,2414048,24
1582104974293,4151,2413907,12,2414222,12,2414065,24
1582105334303,4151,2413916,11,2414243,9,2414063,20
1582105694301,4151,2413887,10,2414243,9,2414056,19
1582106054306,4151,2413913,10,2414176,8,2414030,18
1582106414307,4151,2413901,8,2414213,7,2414046,15
1582106774313,4151,2413918,6,2414180,9,2414075,15
1582107134311,4151,2413930,5,2414180,9,2414091,14
1582107494313,4151,2413942,5,2414183,10,2414103,15
1582107854313,4151,2413937,12,2414172,9,2414038,21
1582108214317,4151,2413937,12,2414174,11,2414050,23
1582108574314,4151,2413939,14,2414166,10,2414034,24
1582108934318,4151,2413941,14,2414169,9,2414030,23
1582109294317,4151,2390907,15,2414168,10,2400211,25
1582109654320,4151,2389253,14,2414173,12,2400755,26
1582110014322,4151,2389259,14,2414191,11,2400230,25
1582110374327,4151,2390834,15,2419067,80,2414609,95
1582110734334,4151,2394096,17,2419254,83,2414977,100
1582111094340,4151,2406366,30,2419375,83,2415921,113
1582111454336,4151,2408238,29,2419375,83,2416491,112
1582111814340,4151,2412644,41,2419560,82,2417255,123
1582112174341,4151,2412585,40,2419519,83,2417264,123
1582112534343,4151,2412511,40,2419584,82,2417265,122
1582112894353,4151,2421079,40,2419621,82,2420099,122
1582113254354,4151,2420576,42,2419757,80,2420039,122
1582113614366,4151,2420576,42,2419799,81,2420065,123
1582113974366,4151,2420617,42,2419952,81,2420179,123
1582114334364,4151,2420921,39,2419319,10,2420594,49
1582114694369,4151,2420425,25,2418662,10,2419921,35
1582115054368,4151,2419220,19,2418602,11,2418993,30
1582115414372,4151,2412165,8,2418034,11,2415563,19
1582115774371,4151,2411974,9,2418187,12,2415524,21
1582116134376,4151,2412100,8,2418239,14,2416007,22
1582116494373,4151,2412050,8,2418078,14,2415886,22
1582116854378,4151,2411937,8,2418078,14,2415845,22
1582117214377,4151,2411937,8,2417967,13,2415670,21
1582117574381,4151,2410357,12,2417752,10,2413718,22
1582117934379,4151,2411911,16,2416123,14,2413876,30
1582118294384,4151,2412884,19,2415361,17,2414054,36
1582118654382,4151,2413379,21,2415366,17,2414268,38
1582119014390,4151,2413334,21,2415201,16,2414141,37
1582119374399,4151,2413370,20,2415146,20,2414258,40
1582119734397,4151,2413244,21,2414893,19,2414027,40
1582120094404,4151,2413136,21,2414961,19,2414003,40
1582120454412,4151,2413116,21,2414961,19,2413993,40
1582120814408,4151,2413201,20,2415022,20,2414111,40
1582121174413,4151,2413917,17,2415022,20,2414514,37
1582121534414,4151,2413101,13,2415678,18,2414597,31
1582121894419,4151,2411608,10,2416331,15,2414442,25
1582122254430,4151,2409991,8,2416183,15,2414029,23
1582122614430,4151,2409887,7,2416162,16,2414252,23
1582122974427,4151,2409887,7,2416106,14,2414033,21
1582123334432,4151,2410161,8,2416003,15,2413971,23
1582123694430,4151,2410655,8,2415982,14,2414045,22
1582124054435,4151,2410884,8,2415982,14,2414128,22
1582124414436,4151,2410852,15,2415992,13,2413238,28
1582124774440,4151,2411087,16,2415301,17,2413258,33
1582125134438,4151,2411192,17,2415383,17,2413287,34
1582125494445,4151,2411192,17,2415401,17,2413296,34
1582125854444,4151,2411192,17,2415421,17,2413307,34
1582126214450,4151,2411192,17,2415470,17,2413331,34
1582126574447,4151,2411222,16,2415288,17,2413316,33
1582126934452,4151,2411182,14,2414694,17,2413108,31
1582127294453,4151,2411164,13,2414500,20,2413186,33
1582127654458,4151,2411165,12,2414411,22,2413266,34
1582128014456,4151,2411654,5,2414346,23,2413865,28
1582128374461,4151,2411525,4,2414202,19,2413737,23
1582128734472,4151,2411072,3,2413955,18,2413543,21
1582129094471,4151,2411453,5,2413833,18,2413315,23
1582129454471,4151,2411453,5,2413693,17,2413184,22
1582129814474,4151,2411577,6,2413648,20,2413170,26
1582130174473,4151,2411651,7,2413706,20,2413173,27
1582130534477,4151,2411758,7,2413918,18,2413313,25
1582130894478,4151,2411758,7,2414101,16,2413388,23
1582131254482,4151,2411758,7,2414214,15,2413433,22
1582131614480,4151,2411758,7,2414357,16,2413566,23
1582131974485,4151,2412059,8,2414634,15,2413738,23
1582132334483,4151,2412228,15,2414773,14,2413456,29
1582132694488,4151,2412259,13,2414873,14,2413615,27
1582133054486,4151,2412259,13,2414970,17,2413795,30
1582133414490,4151,2412285,13,2415203,13,2413744,26
1582133774491,4151,2412480,17,2415346,14,2413774,31
1582134134499,4151,2412503,18,2415346,14,2413747,32
1582134494496,4151,2412503,18,2415350,13,2413697,31
1582134854500,4151,2412524,19,2415218,16,2413756,35
1582135214500,4151,2412735,22,2415167,17,2413795,39
1582135574504,4151,2412958,22,2414812,20,2413841,42
1582135934501,4151,2413495,20,2414873,21,2414201,41
1582136294509,4151,2413548,22,2414811,21,2414165,43
1582136654507,4151,2413571,23,2414690,20,2414091,43
1582137014520,4151,2413707,20,2414690,20,2414199,40
1582137374519,4151,2413975,18,2414956,18,2414466,36
1582137734521,4151,2414092,19,2414956,18,2414512,37
1582138094521,4151,2414097,21,2415260,20,2414664,41
1582138454524,4151,2414139,22,2415324,18,2414672,40
1582138814525,4151,2414149,19,2415487,16,2414761,35
1582139174528,4151,2414222,18,2416301,22,2415365,40
